170	0.11250
170.5	9.93566
171	16.79867
171.5	17.56412
172	18.35665
172.5	19.16273
173	20.00875
173.5	20.86824
174	21.75383
174.5	22.66552
175	23.59013
175.5	24.55168
176	25.52553
176.5	26.52271
177	27.54273
177.5	28.57396
178	29.63583
178.5	30.70764
179	31.79785
179.5	32.90535
180	34.02122
180.5	35.15842
181	36.30206
181.5	37.45735
182	38.62245
182.5	39.7922
183	40.97181
183.5	42.15357
184	43.33913
184.5	44.5259
185	45.71312
185.5	46.89795
186	48.08035
186.5	49.25857
187	50.42935
187.5	51.59643
188	52.7496
188.5	53.89607
189	55.0312
189.5	56.15122
190	57.26396
190.5	58.3533
191	59.43243
191.5	60.49465
192	61.53586
192.5	62.5671
193	63.56828
193.5	64.55678
194	65.52475
194.5	66.46795
195	67.39952
195.5	68.29738
196	69.18121
196.5	70.04283
197	71.87799
197.5	72.70087
198	73.48909
198.5	75.26294
199	77.01453
199.5	79.73973
200	81.97529
200.5	82.13282
201	82.25053
201.5	82.44076
202	82.49951
202.5	82.6027
203	82.83098
203.5	82.89595
204	83.08569
204.5	83.22694
205	83.32231
205.5	83.48528
206	83.69026
206.5	83.92829
207	84.082
207.5	84.23779
208	84.5132
208.5	84.67964
209	84.85032
209.5	85.02085
210	85.23029
210.5	85.47499
211	85.67103
211.5	85.85041
212	86.05294
212.5	86.30347
213	86.46138
213.5	86.74207
214	86.8331
214.5	87.04567
215	87.26619
215.5	87.46988
216	87.64343
216.5	87.74871
217	87.91372
217.5	88.14724
218	88.35904
218.5	88.45978
219	88.63469
219.5	88.76869
220	88.8733
220.5	89.00206
221	89.16626
221.5	89.20084
222	89.3527
222.5	89.46557
223	89.53022
223.5	89.65339
224	89.68007
224.5	89.78708
225	89.83686
225.5	89.88374
226	89.98617
226.5	90.02408
227	90.02882
227.5	90.11438
228	90.16405
228.5	90.29672
229	90.18119
229.5	90.216
230	90.22848
230.5	90.3653
231	90.27546
231.5	90.28569
232	90.32435
232.5	90.36139
233	90.35659
233.5	90.3501
234	90.361
234.5	90.3444
235	90.36274
235.5	90.35305
236	90.40437
236.5	90.36461
237	90.37929
237.5	90.33766
238	90.39087
238.5	90.30169
239	90.36812
239.5	90.35355
240	90.42669
240.5	90.40255
241	90.49686
241.5	90.43754
242	90.52089
242.5	90.51637
243	90.49807
243.5	90.60753
244	90.57563
244.5	90.69024
245	90.73304
245.5	90.84687
246	90.87605
246.5	90.93308
247	90.93669
247.5	90.93065
248	91.00397
248.5	91.14275
249	91.1701
249.5	91.30333
250	91.33303
250.5	91.34159
251	91.43313
251.5	91.44874
252	91.54506
252.5	91.63179
253	91.68753
253.5	91.66777
254	91.81659
254.5	91.82898
255	91.86773
255.5	91.93963
256	91.92952
256.5	91.98376
257	92.04133
257.5	92.10143
258	92.17329
258.5	92.33538
259	92.22798
259.5	92.22026
260	92.25766
260.5	92.30138
261	92.30637
261.5	92.37009
262	92.43837
262.5	92.49948
263	92.51342
263.5	92.51309
264	92.46038
264.5	92.52586
265	92.5888
265.5	92.50748
266	92.67322
266.5	92.60797
267	92.67296
267.5	92.71212
268	92.62317
268.5	92.60952
269	92.64281
269.5	92.69474
270	92.68797
270.5	92.70249
271	92.7332
271.5	92.74781
272	92.7174
272.5	92.74666
273	92.76379
273.5	92.83062
274	92.72072
274.5	92.74865
275	92.70693
275.5	92.87205
276	92.7593
276.5	92.77594
277	92.76394
277.5	92.86879
278	92.83019
278.5	92.87227
279	92.90497
279.5	92.93428
280	92.8424
280.5	92.91983
281	92.89674
281.5	92.85993
282	92.8981
282.5	92.94481
283	92.90194
283.5	92.88092
284	92.86126
284.5	92.89205
285	92.90464
285.5	93.02919
286	92.97553
286.5	92.95908
287	92.91965
287.5	92.95067
288	93.0029
288.5	93.13713
289	93.06047
289.5	93.04252
290	92.99598
290.5	93.03774
291	92.99707
291.5	93.08511
292	92.99733
292.5	93.0618
293	93.01644
293.5	93.05172
294	93.15124
294.5	93.12369
295	93.13034
295.5	93.14689
296	93.12825
296.5	93.05435
297	93.08545
297.5	93.23038
298	93.2042
298.5	93.09929
299	93.12779
299.5	93.1186
300	93.1021
300.5	93.21018
301	93.21565
301.5	93.19879
302	93.15532
302.5	93.14299
303	93.20965
303.5	93.30874
304	93.2736
304.5	93.18175
305	93.18052
305.5	93.26581
306	93.13753
306.5	93.20851
307	93.20725
307.5	93.26987
308	93.28017
308.5	93.24474
309	93.29867
309.5	93.37056
310	93.26669
310.5	93.28453
311	93.21319
311.5	93.37329
312	93.28551
312.5	93.34156
313	93.37162
313.5	93.26452
314	93.33725
314.5	93.34973
315	93.36409
315.5	93.27032
316	93.30807
316.5	93.36281
317	93.3091
317.5	93.30188
318	93.48684
318.5	93.45317
319	93.37314
319.5	93.34014
320	93.37608
320.5	93.37494
321	93.39805
321.5	93.32966
322	93.40839
322.5	93.48504
323	93.33538
323.5	93.36229
324	93.26346
324.5	93.41161
325	93.41436
325.5	93.41851
326	93.38293
326.5	93.43085
327	93.60846
327.5	93.55449
328	93.53464
328.5	93.39842
329	93.34957
329.5	93.29183
330	93.39467
330.5	93.52035
331	93.41837
331.5	93.38581
332	93.39711
332.5	93.4798
333	93.45341
333.5	93.48864
334	93.43024
334.5	93.4698
335	93.53888
335.5	93.53793
336	93.52502
336.5	93.51619
337	93.59472
337.5	93.43842
338	93.59305
338.5	93.55597
339	93.75499
339.5	93.58694
340	93.58371
340.5	93.54165
341	93.55117
341.5	93.71149
342	93.61248
342.5	93.39614
343	93.59543
343.5	93.51243
344	93.71766
344.5	93.61991
345	93.64891
345.5	93.66807
346	93.60443
346.5	93.74472
347	93.53024
347.5	93.7651
348	93.78564
348.5	93.45796
349	93.8387
349.5	93.25111
350	93.63595
350.5	93.24048
351	93.64102
351.5	93.50388
352	93.60239
352.5	93.57746
353	93.57332
353.5	93.53194
354	93.39178
354.5	93.45481
355	94.03894
355.5	93.58376
356	93.6226
356.5	93.68912
357	93.28164
357.5	93.71831
358	93.34918
358.5	93.89642
359	93.58072
359.5	93.4773
360	93.54816
360.5	93.40443
361	93.23248
361.5	93.5507
362	93.49898
362.5	93.45372
363	93.87712
363.5	93.80579
364	93.70731
364.5	93.53615
365	93.93484
365.5	93.73917
366	93.71919
366.5	93.27535
367	93.71574
367.5	93.64796
368	93.70428
368.5	93.60114
369	93.71803
369.5	93.98933
370	93.57896
370.5	93.78822
371	93.68999
371.5	93.65884
372	93.53494
372.5	93.73177
373	93.93094
373.5	93.75957
374	93.71381
374.5	93.724
375	93.72915
375.5	93.75706
376	93.89418
376.5	93.55535
377	93.46267
377.5	93.76653
378	93.80221
378.5	93.87718
379	93.5992
379.5	93.75778
380	93.77634
380.5	93.64532
381	93.58132
381.5	93.84358
382	93.67889
382.5	93.55641
383	93.45306
383.5	93.77457
384	93.66992
384.5	93.64555
385	93.53475
385.5	93.45275
386	93.7011
386.5	93.83495
387	93.88405
387.5	93.77336
388	93.71372
388.5	93.67779
389	93.53514
389.5	93.79141
390	93.57899
390.5	93.80669
391	93.69014
391.5	93.76161
392	93.68195
392.5	93.92867
393	93.79722
393.5	93.63872
394	93.80103
394.5	93.70732
395	93.83047
395.5	93.74387
396	93.95383
396.5	93.48589
397	93.70871
397.5	93.79176
398	93.86536
398.5	93.72813
399	93.87605
399.5	93.90403
400	93.62846
400.5	93.7344
401	93.69958
401.5	93.80238
402	93.90323
402.5	93.70624
403	93.74241
403.5	93.41535
404	93.80699
404.5	93.90101
405	93.75286
405.5	93.6955
406	93.82063
406.5	93.71392
407	93.9732
407.5	93.81086
408	93.94579
408.5	93.8065
409	93.93996
409.5	93.66714
410	93.81113
410.5	93.79415
411	93.90463
411.5	93.98682
412	94.00505
412.5	93.80512
413	93.9984
413.5	93.938
414	93.85589
414.5	93.89054
415	93.68507
415.5	93.74764
416	93.62922
416.5	93.78196
417	93.93942
417.5	93.88497
418	93.8632
418.5	93.69714
419	93.78863
419.5	93.79531
420	93.74535
420.5	93.82938
421	93.88501
421.5	93.81583
422	93.79162
422.5	93.84971
423	93.91635
423.5	93.82848
424	93.96282
424.5	93.98918
425	93.83121
425.5	93.84234
426	93.88503
426.5	93.84306
427	93.78017
427.5	93.83399
428	93.90029
428.5	93.84211
429	94.02091
429.5	93.82519
430	93.8885
430.5	93.90636
431	93.88234
431.5	93.8854
432	93.92265
432.5	93.97873
433	93.86281
433.5	93.75872
434	93.81133
434.5	93.9182
435	93.97324
435.5	93.82677
436	93.84933
436.5	93.92577
437	93.94263
437.5	93.7101
438	93.99197
438.5	94.04306
439	93.95587
439.5	93.85522
440	93.9114
440.5	93.91221
441	93.72911
441.5	93.88235
442	93.87543
442.5	93.96161
443	93.92135
443.5	93.84824
444	94.01797
444.5	93.8926
445	93.96664
445.5	93.83918
446	94.02077
446.5	93.93413
447	93.94186
447.5	93.94917
448	94.02863
448.5	93.91428
449	93.90025
449.5	93.95913
450	93.93137
450.5	93.8611
451	93.87666
451.5	93.79559
452	93.94082
452.5	93.93676
453	93.8844
453.5	93.79261
454	94.02568
454.5	93.97987
455	93.99471
455.5	93.96358
456	93.87276
456.5	93.94492
457	93.96031
457.5	93.99775
458	93.77986
458.5	94.14335
459	93.9653
459.5	93.82102
460	93.89245
460.5	93.94862
461	94.10048
461.5	93.88222
462	93.99846
462.5	93.92073
463	93.86971
463.5	94.02529
464	93.84612
464.5	93.98484
465	93.94893
465.5	93.96976
466	93.99704
466.5	93.93028
467	93.92602
467.5	94.08552
468	93.93758
468.5	94.09033
469	93.93431
469.5	93.91697
470	94.0237
470.5	94.07265
471	93.96021
471.5	94.04802
472	93.93817
472.5	94.06524
473	93.96735
473.5	94.01947
474	93.90215
474.5	94.09753
475	94.03611
475.5	94.16339
476	94.03905
476.5	93.98121
477	93.90195
477.5	94.02173
478	94.07199
478.5	94.01378
479	94.01515
479.5	93.98333
480	94.01222
480.5	93.94189
481	94.08519
481.5	94.02983
482	93.88016
482.5	94.09516
483	94.17199
483.5	94.09731
484	94.03401
484.5	94.07829
485	94.05933
485.5	94.03555
486	94.05249
486.5	94.19439
487	94.00623
487.5	94.02708
488	93.88062
488.5	94.09875
489	94.21413
489.5	93.9541
490	94.12914
490.5	94.05143
491	94.17324
491.5	94.01176
492	94.03218
492.5	94.04763
493	93.95123
493.5	94.09253
494	94.06054
494.5	94.05473
495	94.09261
495.5	93.95325
496	94.06091
496.5	94.08838
497	94.01037
497.5	94.0471
498	93.97821
498.5	94.13083
499	93.93658
499.5	94.07028
500	93.96223
500.5	94.09414
501	94.09049
501.5	93.98083
502	94.15691
502.5	93.96958
503	94.21338
503.5	94.09396
504	94.23238
504.5	94.00333
505	94.13863
505.5	93.99538
506	94.09785
506.5	94.20843
507	94.25031
507.5	94.1703
508	94.09486
508.5	94.04342
509	94.00874
509.5	94.25347
510	94.04355
510.5	94.12889
511	94.03699
511.5	94.14121
512	94.06355
512.5	94.12707
513	94.19876
513.5	94.12152
514	94.16331
514.5	94.0275
515	94.15381
515.5	94.09006
516	94.15108
516.5	94.13846
517	94.01891
517.5	94.19822
518	93.99206
518.5	94.1074
519	94.12299
519.5	94.11081
520	94.12156
520.5	94.07149
521	94.20565
521.5	94.11236
522	94.1123
522.5	94.07245
523	94.18162
523.5	94.14314
524	94.1635
524.5	94.26538
525	94.14706
525.5	94.19035
526	94.02388
526.5	94.07858
527	94.06331
527.5	94.17313
528	94.12301
528.5	94.21175
529	94.08671
529.5	94.21268
530	94.135
530.5	94.06796
531	94.11677
531.5	94.13772
532	94.13798
532.5	94.0462
533	94.26546
533.5	94.23663
534	94.14156
534.5	94.00859
535	94.16587
535.5	94.16876
536	94.21252
536.5	94.22647
537	94.20327
537.5	94.06287
538	94.07748
538.5	94.20364
539	94.17063
539.5	94.34012
540	94.24665
540.5	94.17398
541	94.2122
541.5	94.16129
542	94.27047
542.5	94.1469
543	94.31724
543.5	94.07248
544	94.16319
544.5	94.11322
545	94.2896
545.5	94.2585
546	94.30694
546.5	94.25942
547	94.1086
547.5	94.1319
548	94.16765
548.5	94.24577
549	94.10541
549.5	94.16073
550	94.14026
550.5	94.11266
551	94.13583
551.5	94.1811
552	94.16298
552.5	94.2258
553	94.18258
553.5	94.11718
554	94.3427
554.5	94.25624
555	94.16938
555.5	94.16066
556	94.24821
556.5	94.21507
557	94.26587
557.5	94.14001
558	94.18808
558.5	94.05072
559	94.2853
559.5	94.21565
560	94.26897
560.5	94.17246
561	94.20285
561.5	94.28445
562	94.10415
562.5	94.23965
563	94.21612
563.5	94.24892
564	94.33865
564.5	94.31189
565	94.30749
565.5	94.29942
566	94.29251
566.5	94.42798
567	94.25309
567.5	94.23096
568	94.20615
568.5	94.30611
569	94.22294
569.5	94.27429
570	94.21358
570.5	94.25439
571	94.30779
571.5	94.32448
572	94.26461
572.5	94.28256
573	94.23772
573.5	94.31203
574	94.21053
574.5	94.21455
575	94.2707
575.5	94.29615
576	94.17378
576.5	94.36548
577	94.20821
577.5	94.42151
578	94.303
578.5	93.98695
579	94.1625
579.5	94.32159
580	94.20066
580.5	94.28323
581	94.22682
581.5	94.22588
582	94.22371
582.5	94.22868
583	94.24993
583.5	94.13137
584	94.26584
584.5	94.25656
585	94.18815
585.5	94.21632
586	94.3093
586.5	94.18269
587	94.19369
587.5	94.29707
588	94.09039
588.5	94.21919
589	94.32545
589.5	94.20439
590	94.23982
590.5	94.26873
591	94.26173
591.5	94.20069
592	94.23542
592.5	94.20475
593	94.23891
593.5	94.29944
594	94.23707
594.5	94.18428
595	94.21887
595.5	94.23714
596	94.16426
596.5	94.36198
597	94.22585
597.5	94.23602
598	94.20889
598.5	94.11695
599	94.29592
599.5	94.15636
600	94.20492
600.5	94.12669
601	94.20518
601.5	94.17893
602	94.28872
602.5	94.20982
603	94.21279
603.5	94.22881
604	94.12554
604.5	94.34164
605	94.30328
605.5	94.18614
606	94.2457
606.5	94.26276
607	94.26424
607.5	94.2673
608	94.21151
608.5	94.24524
609	94.29158
609.5	94.26514
610	94.26772
610.5	94.25317
611	94.29041
611.5	94.33006
612	94.24339
612.5	94.17217
613	94.15031
613.5	94.26438
614	94.32173
614.5	94.2819
615	94.32482
615.5	94.28513
616	94.22207
616.5	94.30952
617	94.31481
617.5	94.24889
618	94.31474
618.5	94.25125
619	94.42338
619.5	94.31311
620	94.22786
620.5	94.30161
621	94.29117
621.5	94.29401
622	94.37258
622.5	94.27068
623	94.37449
623.5	94.27369
624	94.25874
624.5	94.21307
625	94.20764
625.5	94.3361
626	94.27331
626.5	94.37571
627	94.33528
627.5	94.27512
628	94.27039
628.5	94.25985
629	94.36349
629.5	94.37244
630	94.27052
630.5	94.31574
631	94.30206
631.5	94.31895
632	94.26344
632.5	94.35262
633	94.35523
633.5	94.31223
634	94.28159
634.5	94.26089
635	94.24108
635.5	94.31332
636	94.35676
636.5	94.30565
637	94.27159
637.5	94.31816
638	94.29154
638.5	94.29588
639	94.38584
639.5	94.22655
640	94.23178
640.5	94.29724
641	94.30445
641.5	94.35119
642	94.25647
642.5	94.28035
643	94.17107
643.5	94.28968
644	94.29411
644.5	94.31834
645	94.30663
645.5	94.30283
646	94.26922
646.5	94.32043
647	94.23792
647.5	94.23113
648	94.21889
648.5	94.30056
649	94.3288
649.5	94.21795
650	94.38409
650.5	94.17018
651	94.24565
651.5	94.26156
652	94.29333
652.5	94.32117
653	94.34595
653.5	94.24861
654	94.23142
654.5	94.28516
655	94.2498
655.5	94.23436
656	94.25483
656.5	94.29388
657	94.1739
657.5	94.17677
658	94.31
658.5	94.26268
659	94.31586
659.5	94.35663
660	94.25233
660.5	94.28316
661	94.2351
661.5	94.24404
662	94.30773
662.5	94.20966
663	94.27165
663.5	94.23312
664	94.17265
664.5	94.32217
665	94.32266
665.5	94.26557
666	94.34554
666.5	94.27071
667	94.27305
667.5	94.21613
668	94.30201
668.5	94.24034
669	94.34224
669.5	94.28576
670	94.27132
670.5	94.25779
671	94.20775
671.5	94.27834
672	94.2746
672.5	94.29483
673	94.30565
673.5	94.41867
674	94.30495
674.5	94.30984
675	94.33646
675.5	94.22113
676	94.24809
676.5	94.36239
677	94.24747
677.5	94.39756
678	94.28772
678.5	94.20914
679	94.22108
679.5	94.20783
680	94.29993
680.5	94.30347
681	94.18888
681.5	94.31848
682	94.17087
682.5	94.19799
683	94.26324
683.5	94.31931
684	94.28336
684.5	94.29363
685	94.21381
685.5	94.26539
686	94.24213
686.5	94.25516
687	94.22182
687.5	94.32424
688	94.3754
688.5	94.17368
689	94.30555
689.5	94.22668
690	94.21675
690.5	94.29191
691	94.46145
691.5	94.3597
692	94.36063
692.5	94.38274
693	94.30979
693.5	94.40707
694	94.33183
694.5	94.27534
695	94.31408
695.5	94.35895
696	94.16102
696.5	94.33133
697	94.20595
697.5	94.2915
698	94.29173
698.5	94.34498
699	94.35541
699.5	94.35905
700	94.28114
700.5	94.46954
701	94.47293
701.5	94.3774
702	94.23929
702.5	94.32828
703	94.45666
703.5	94.33655
704	94.50094
704.5	94.36737
705	94.39455
705.5	94.40293
706	94.43862
706.5	94.23753
707	94.29074
707.5	94.33845
708	94.45584
708.5	94.50012
709	94.53539
709.5	94.3119
710	94.33044
710.5	94.2954
711	94.24931
711.5	94.35889
712	94.28444
712.5	94.48807
713	94.38554
713.5	94.21294
714	94.30317
714.5	94.34946
715	94.30152
715.5	94.30447
716	94.46146
716.5	94.36404
717	94.22765
717.5	94.4802
718	94.24419
718.5	94.30692
719	94.40582
719.5	94.40824
720	94.33058
720.5	94.47578
721	94.2503
721.5	94.6031
722	94.39989
722.5	94.40309
723	94.43885
723.5	94.48142
724	94.31026
724.5	94.39824
725	94.2786
725.5	94.33258
726	94.21812
726.5	94.34096
727	94.33117
727.5	94.53075
728	94.40424
728.5	94.40652
729	94.14744
729.5	94.36872
730	94.29781
730.5	94.62019
731	94.29099
731.5	94.26141
732	94.22337
732.5	94.41264
733	94.22733
733.5	94.23894
734	94.37641
734.5	94.31031
735	94.46762
735.5	94.23247
736	94.42527
736.5	94.26418
737	94.2814
737.5	94.31112
738	94.32244
738.5	94.55254
739	94.15918
739.5	94.39111
740	94.44946
740.5	94.53727
741	94.49398
741.5	94.4162
742	94.63726
742.5	94.5499
743	94.22463
743.5	94.40913
744	94.1898
744.5	94.3638
745	94.19044
745.5	94.34491
746	94.33244
746.5	94.44875
747	94.15982
747.5	94.35358
748	94.40562
748.5	94.41016
749	94.51516
749.5	94.56104
750	94.29481
750.5	94.44093
751	94.23427
751.5	94.56194
752	94.30628
752.5	94.14911
753	94.22572
753.5	94.48993
754	94.68217
754.5	94.23528
755	94.44238
755.5	94.28703
756	94.31419
756.5	94.33891
757	94.26001
757.5	94.43153
758	94.28986
758.5	94.4453
759	94.21791
759.5	94.40803
760	94.34573
760.5	94.49569
761	94.67046
761.5	94.43759
762	94.50477
762.5	94.18331
763	94.30824
763.5	94.45116
764	94.27229
764.5	94.33677
765	94.49383
765.5	94.42942
766	94.21263
766.5	94.48506
767	94.33184
767.5	94.65785
768	94.35733
768.5	94.49315
769	94.58905
769.5	94.49454
770	94.32363
770.5	94.03455
771	94.47048
771.5	94.51276
772	94.44656
772.5	94.54337
773	94.30851
773.5	94.45235
774	94.38709
774.5	94.33025
775	94.27273
775.5	94.35327
776	94.40421
776.5	94.45564
777	94.29846
777.5	94.25751
778	94.42072
778.5	94.43903
779	94.17877
779.5	94.34707
780	94.19153
780.5	94.43907
781	94.34401
781.5	94.38036
782	94.3792
782.5	94.37107
783	94.4126
783.5	94.28522
784	94.28848
784.5	94.3965
785	94.27406
785.5	93.933
786	94.55779
786.5	94.47761
787	94.51332
787.5	94.40115
788	94.38639
788.5	94.49597
789	94.54482
789.5	94.54699
790	94.46588
790.5	94.42079
791	94.56363
791.5	94.71581
792	94.18797
792.5	94.18399
793	94.10344
793.5	94.37529
794	94.22234
794.5	94.13786
795	94.2476
795.5	94.55038
796	94.29063
796.5	93.98834
797	94.47668
797.5	94.39023
798	94.60971
798.5	94.48682
799	94.77511
799.5	94.5356
800	94.37529
800.5	94.53268
801	94.53441
801.5	94.54633
802	94.67468
802.5	94.29871
803	94.53837
803.5	94.39803
804	94.23405
804.5	94.38879
805	94.43009
805.5	94.48538
806	94.42991
806.5	94.50473
807	94.50055
807.5	94.51182
808	94.51781
808.5	94.45787
809	94.50774
809.5	94.57767
810	94.4977
810.5	94.42476
811	94.45797
811.5	94.52486
812	94.40349
812.5	94.57977
813	94.53268
813.5	94.43849
814	94.57262
814.5	94.43565
815	94.43558
815.5	94.40168
816	94.53269
816.5	94.48768
817	94.48337
817.5	94.46145
818	94.48243
818.5	94.43396
819	94.45775
819.5	94.35023
820	94.38053
820.5	94.56733
821	94.50749
821.5	94.54056
822	94.38185
822.5	94.43634
823	94.47159
823.5	94.43961
824	94.52383
824.5	94.4286
825	94.49261
825.5	94.52999
826	94.44548
826.5	94.51323
827	94.52656
827.5	94.40008
828	94.48489
828.5	94.53282
829	94.30784
829.5	94.40833
830	94.44555
830.5	94.53441
831	94.53974
831.5	94.48456
832	94.48569
832.5	94.41675
833	94.47793
833.5	94.39763
834	94.42481
834.5	94.32472
835	94.53994
835.5	94.44983
836	94.4395
836.5	94.42532
837	94.436
837.5	94.50937
838	94.45285
838.5	94.38113
839	94.4407
839.5	94.46482
840	94.49593
840.5	94.35528
841	94.40269
841.5	94.46236
842	94.48344
842.5	94.41104
843	94.39086
843.5	94.35554
844	94.45954
844.5	94.44013
845	94.42434
845.5	94.38719
846	94.43056
846.5	94.40733
847	94.42705
847.5	94.42254
848	94.51785
848.5	94.40452
849	94.37798
849.5	94.38685
850	94.42555
850.5	94.38318
851	94.39272
851.5	94.49342
852	94.42169
852.5	94.38038
853	94.41122
853.5	94.39946
854	94.35579
854.5	94.34494
855	94.39213
855.5	94.39757
856	94.36854
856.5	94.42949
857	94.38444
857.5	94.42051
858	94.41063
858.5	94.34697
859	94.38209
859.5	94.34659
860	94.39188
860.5	94.39657
861	94.50815
861.5	94.3382
862	94.35727
862.5	94.35184
863	94.43108
863.5	94.31936
864	94.37327
864.5	94.36732
865	94.31407
865.5	94.39324
866	94.40088
866.5	94.40732
867	94.37012
867.5	94.3746
868	94.31732
868.5	94.35002
869	94.39266
869.5	94.39923
870	94.36616
870.5	94.39508
871	94.36849
871.5	94.38166
872	94.38856
872.5	94.35601
873	94.37394
873.5	94.36394
874	94.36075
874.5	94.39114
875	94.3995
875.5	94.33162
876	94.37442
876.5	94.38552
877	94.30628
877.5	94.37934
878	94.33622
878.5	94.39026
879	94.34884
879.5	94.36838
880	94.32281
880.5	94.32045
881	94.37113
881.5	94.31746
882	94.38468
882.5	94.35124
883	94.35521
883.5	94.38211
884	94.30245
884.5	94.33904
885	94.37312
885.5	94.39552
886	94.3324
886.5	94.37116
887	94.35502
887.5	94.39389
888	94.36006
888.5	94.36298
889	94.37563
889.5	94.39918
890	94.35848
890.5	94.35359
891	94.34237
891.5	94.35293
892	94.38082
892.5	94.35743
893	94.34573
893.5	94.37104
894	94.31438
894.5	94.37337
895	94.37242
895.5	94.39905
896	94.35663
896.5	94.34012
897	94.37488
897.5	94.34269
898	94.3986
898.5	94.37543
899	94.35245
899.5	94.35994
900	94.34956
900.5	94.3678
901	94.362
901.5	94.37398
902	94.37672
902.5	94.3925
903	94.35893
903.5	94.39528
904	94.35874
904.5	94.37407
905	94.37942
905.5	94.35092
906	94.3816
906.5	94.39789
907	94.37829
907.5	94.39037
908	94.37445
908.5	94.39567
909	94.38135
909.5	94.40536
910	94.4126
910.5	94.39245
911	94.40898
911.5	94.38796
912	94.37549
912.5	94.37577
913	94.39268
913.5	94.38482
914	94.36498
914.5	94.38207
915	94.36694
915.5	94.39842
916	94.37321
916.5	94.38917
917	94.3996
917.5	94.38746
918	94.41035
918.5	94.41443
919	94.41024
919.5	94.39064
920	94.42245
920.5	94.40497
921	94.42475
921.5	94.39936
922	94.3844
922.5	94.41215
923	94.3805
923.5	94.3845
924	94.40138
924.5	94.41543
925	94.39977
925.5	94.38167
926	94.40252
926.5	94.41683
927	94.38668
927.5	94.41318
928	94.39885
928.5	94.40752
929	94.40649
929.5	94.39314
930	94.3909
930.5	94.40314
931	94.4048
931.5	94.40589
932	94.51038
932.5	94.40886
933	94.40138
933.5	94.40416
934	94.40589
934.5	94.42475
935	94.44
935.5	94.4146
936	94.41096
936.5	94.40073
937	94.41443
937.5	94.3988
938	94.3805
938.5	94.41416
939	94.40854
939.5	94.40589
940	94.39985
940.5	94.407
941	94.39981
941.5	94.40629
942	94.41416
942.5	94.4145
943	94.40993
943.5	94.42129
944	94.40886
944.5	94.40536
945	94.44377
945.5	94.3674
946	94.38828
946.5	94.40698
947	94.40596
947.5	94.4208
948	94.41096
948.5	94.39451
949	94.40053
949.5	94.39779
950	94.4056
950.5	94.4146
951	94.40364
951.5	94.43191
952	94.41072
952.5	94.42285
953	94.42358
953.5	94.39758
954	94.40804
954.5	94.42473
955	94.39297
955.5	94.40854
956	94.40073
956.5	94.45
957	94.3988
957.5	94.38361
958	94.44
958.5	94.43039
959	94.42859
959.5	94.44571
960	94.40416
960.5	94.43144
961	94.43386
961.5	94.41358
962	94.42057
962.5	94.43293
963	94.4396
963.5	94.43396
964	94.43108
964.5	94.42901
965	94.41562
965.5	94.43355
966	94.42565
966.5	94.43549
967	94.43368
967.5	94.44006
968	94.45033
968.5	94.4213
969	94.43206
969.5	94.44768
970	94.44378
970.5	94.43455
971	94.44165
971.5	94.46608
972	94.43325
972.5	94.45445
973	94.43061
973.5	94.44655
974	94.43653
974.5	94.43556
975	94.44153
975.5	94.42401
976	94.47128
976.5	94.47578
977	94.43919
977.5	94.44169
978	94.46018
978.5	94.45501
979	94.45875
979.5	94.45939
980	94.43652
980.5	94.46113
981	94.46075
981.5	94.44259
982	94.43902
982.5	94.45413
983	94.4695
983.5	94.4548
984	94.47085
984.5	94.406
985	94.43377
985.5	94.44992
986	94.43004
986.5	94.46424
987	94.45935
987.5	94.45515
988	94.45666
988.5	94.45213
989	94.45444
989.5	94.43239
990	94.46068
990.5	94.46045
991	94.47712
991.5	94.43911
992	94.4581
992.5	94.45012
993	94.48379
993.5	94.4759
994	94.4507
994.5	94.47504
995	94.44593
995.5	94.46216
996	94.48153
996.5	94.456
997	94.48978
997.5	94.43551
998	94.44922
998.5	94.47938
999	94.46286
999.5	94.45968
1000	94.48845
1000.5	94.46261
1001	94.44037
1001.5	94.4424
1002	94.45442
1002.5	94.4711
1003	94.45147
1003.5	94.45795
1004	94.47783
1004.5	94.4603
1005	94.44172
1005.5	94.44268
1006	94.48586
1006.5	94.46557
1007	94.43983
1007.5	94.46831
1008	94.46859
1008.5	94.47304
1009	94.45961
1009.5	94.45883
1010	94.48238
1010.5	94.46425
1011	94.46679
1011.5	94.45866
1012	94.46649
1012.5	94.49387
1013	94.45299
1013.5	94.44896
1014	94.4982
1014.5	94.4782
1015	94.48131
1015.5	94.48217
1016	94.49858
1016.5	94.4962
1017	94.50027
1017.5	94.49408
1018	94.46968
1018.5	94.48708
1019	94.47321
1019.5	94.48154
1020	94.51174
1020.5	94.49265
1021	94.47954
1021.5	94.4797
1022	94.48363
1022.5	94.48818
1023	94.49525
1023.5	94.48813
1024	94.47934
1024.5	94.48128
1025	94.50984
1025.5	94.50213
1026	94.47893
1026.5	94.4866
1027	94.49728
1027.5	94.50378
1028	94.52924
1028.5	94.49553
1029	94.48425
1029.5	94.48393
1030	94.50682
1030.5	94.50204
1031	94.50619
1031.5	94.52444
1032	94.51864
1032.5	94.51268
1033	94.48717
1033.5	94.51629
1034	94.54123
1034.5	94.50734
1035	94.54123
1035.5	94.49634
1036	94.48927
1036.5	94.50834
1037	94.51886
1037.5	94.47916
1038	94.51227
1038.5	94.50687
1039	94.50547
1039.5	94.5211
1040	94.5235
1040.5	94.50807
1041	94.51506
1041.5	94.50138
1042	94.52035
1042.5	94.50656
1043	94.51214
1043.5	94.52075
1044	94.50374
1044.5	94.51283
1045	94.52215
1045.5	94.49831
1046	94.49656
1046.5	94.47991
1047	94.49758
1047.5	94.52228
1048	94.51664
1048.5	94.49785
1049	94.51945
1049.5	94.50795
1050	94.49611
1050.5	94.48668
1051	94.52676
1051.5	94.49132
1052	94.51388
1052.5	94.53948
1053	94.5084
1053.5	94.50055
1054	94.50657
1054.5	94.48319
1055	94.5104
1055.5	94.51871
1056	94.5136
1056.5	94.50263
1057	94.52233
1057.5	94.53217
1058	94.53736
1058.5	94.53736
1059	94.51987
1059.5	94.52645
1060	94.52099
1060.5	94.53702
1061	94.53098
1061.5	94.53813
1062	94.53094
1062.5	94.53742
1063	94.54529
1063.5	94.54563
1064	94.54106
1064.5	94.55242
1065	94.53999
1065.5	94.53649
1066	94.5749
1066.5	94.49853
1067	94.51941
1067.5	94.53811
1068	94.53709
1068.5	94.55193
1069	94.54209
1069.5	94.52564
1070	94.53166
1070.5	94.52892
1071	94.53673
1071.5	94.54573
1072	94.53477
1072.5	94.56304
1073	94.54185
1073.5	94.55398
1074	94.55471
1074.5	94.52871
1075	94.53917
1075.5	94.55586
1076	94.5241
1076.5	94.53967
1077	94.53186
1077.5	94.58113
1078	94.52993
1078.5	94.51474
1079	94.57113
1079.5	94.56152
1080	94.55972
1080.5	94.57684
1081	94.53529
1081.5	94.56257
1082	94.56499
1082.5	94.54471
1083	94.5517
1083.5	94.56406
1084	94.57073
1084.5	94.56509
1085	94.56221
1085.5	94.56014
1086	94.54675
1086.5	94.56468
1087	94.55678
1087.5	94.56662
1088	94.56481
1088.5	94.57119
1089	94.58146
1089.5	94.55243
1090	94.56319
1090.5	94.57881
1091	94.57491
1091.5	94.56568
1092	94.57278
1092.5	94.59721
1093	94.56438
1093.5	94.58558
1094	94.56174
1094.5	94.57768
1095	94.56766
1095.5	94.56669
1096	94.57266
1096.5	94.55514
1097	94.60241
1097.5	94.60691
1098	94.57032
1098.5	94.57282
1099	94.59131
1099.5	94.58614
1100	94.58988
1100.5	94.59052
1101	94.56765
1101.5	94.59226
1102	94.59188
1102.5	94.57372
1103	94.57015
1103.5	94.58526
1104	94.60063
1104.5	94.58593
1105	94.60198
1105.5	94.53713
1106	94.5649
1106.5	94.58105
1107	94.56117
1107.5	94.59537
1108	94.59048
1108.5	94.58628
1109	94.58779
1109.5	94.58326
1110	94.58557
1110.5	94.56352
1111	94.59181
1111.5	94.59158
1112	94.60825
1112.5	94.57024
1113	94.58923
1113.5	94.58125
1114	94.61492
1114.5	94.60703
1115	94.58183
1115.5	94.60617
1116	94.57706
1116.5	94.59329
1117	94.61266
1117.5	94.58713
1118	94.62091
1118.5	94.56664
1119	94.58035
1119.5	94.61051
1120	94.59399
1120.5	94.59081
1121	94.61958
1121.5	94.59374
1122	94.5715
1122.5	94.57353
1123	94.58555
1123.5	94.60223
1124	94.5826
1124.5	94.58908
1125	94.60896
1125.5	94.59143
1126	94.57285
1126.5	94.57381
1127	94.61699
1127.5	94.5967
1128	94.57096
1128.5	94.59944
1129	94.59972
1129.5	94.60417
1130	94.59074
1130.5	94.58996
1131	94.61351
1131.5	94.59538
1132	94.59792
1132.5	94.58979
1133	94.59762
1133.5	94.625
1134	94.58412
1134.5	94.58009
1135	94.62933
1135.5	94.60933
1136	94.61244
1136.5	94.6133
1137	94.62971
1137.5	94.62733
1138	94.6314
1138.5	94.62521
1139	94.60081
1139.5	94.61821
1140	94.60434
1140.5	94.61267
1141	94.64287
1141.5	94.62378
1142	94.61067
1142.5	94.61083
1143	94.61476
1143.5	94.61931
1144	94.62638
1144.5	94.61926
1145	94.61047
1145.5	94.61241
1146	94.64097
1146.5	94.63326
1147	94.61006
1147.5	94.61773
1148	94.62841
1148.5	94.63491
1149	94.66037
1149.5	94.62666
1150	94.61538
1150.5	94.61506
1151	94.63795
1151.5	94.63317
1152	94.63732
1152.5	94.65557
1153	94.64977
1153.5	94.64381
1154	94.6183
1154.5	94.64742
1155	94.67236
1155.5	94.63847
1156	94.67236
1156.5	94.62747
1157	94.6204
1157.5	94.63947
1158	94.64999
1158.5	94.61029
1159	94.6434
1159.5	94.638
1160	94.6366
1160.5	94.65223
1161	94.65463
1161.5	94.6392
1162	94.64619
1162.5	94.63251
1163	94.65148
1163.5	94.63769
1164	94.64327
1164.5	94.65188
1165	94.63487
1165.5	94.64396
1166	94.65328
1166.5	94.62944
1167	94.62769
1167.5	94.61104
1168	94.62871
1168.5	94.65341
1169	94.64777
1169.5	94.62898
1170	94.65058
1170.5	94.63908
1171	94.62724
1171.5	94.61781
1172	94.65789
1172.5	94.62245
1173	94.64501
1173.5	94.67061
1174	94.63953
1174.5	94.63168
1175	94.6377
1175.5	94.63157
1176	94.65819
1176.5	94.63899
1177	94.63625
1177.5	94.63609
1178	94.65445
1178.5	94.63165
1179	94.6247
1179.5	94.66493
1180	94.63358
1180.5	94.65453
1181	94.63982
1181.5	94.64531
1182	94.64598
1182.5	94.6287
1183	94.64466
1183.5	94.63545
1184	94.65225
1184.5	94.6804
1185	94.64744
1185.5	94.64858
1186	94.64823
1186.5	94.6274
1187	94.66311
1187.5	94.64108
1188	94.63809
1188.5	94.64544
1189	94.62102
1189.5	94.66519
1190	94.63921
1190.5	94.66449
1191	94.64882
1191.5	94.63133
1192	94.66008
1192.5	94.65391
1193	94.6547
1193.5	94.64613
1194	94.64447
1194.5	94.6515
1195	94.6676
1195.5	94.66457
1196	94.63844
1196.5	94.6422
1197	94.65756
1197.5	94.65572
1198	94.62677
1198.5	94.63242
1199	94.65572
1199.5	94.6482
1200	94.65756
1200.5	94.64907
1201	94.62243
1201.5	94.63242
1202	94.61965
1202.5	94.60821
1203	94.62611
1203.5	94.63118
1204	94.61614
1204.5	94.65338
1205	94.6465
1205.5	94.62768
1206	94.61501
1206.5	94.61993
1207	94.63411
1207.5	94.6268
1208	94.63821
1208.5	94.62883
1209	94.64279
1209.5	94.6497
1210	94.64528
1210.5	94.62406
1211	94.63082
1211.5	94.6342
1212	94.62352
1212.5	94.64917
1213	94.6444
1213.5	94.62562
1214	94.66027
1214.5	94.64628
1215	94.65171
1215.5	94.65517
1216	94.66149
1216.5	94.62621
1217	94.64045
1217.5	94.66359
1218	94.66853
1218.5	94.65315
1219	94.63974
1219.5	94.65181
1220	94.63611
1220.5	94.68055
1221	94.6557
1221.5	94.65585
1222	94.65444
1222.5	94.66387
1223	94.64515
1223.5	94.66183
1224	94.66428
1224.5	94.61781
1225	94.62715
1225.5	94.63696
1226	94.63791
1226.5	94.64442
1227	94.64274
1227.5	94.64222
1228	94.63577
1228.5	94.67414
1229	94.66352
1229.5	94.63743
1230	94.65607
1230.5	94.6385
1231	94.6409
1231.5	94.63881
1232	94.64257
1232.5	94.63703
1233	94.66227
1233.5	94.63439
1234	94.65185
1234.5	94.62285
1235	94.63494
1235.5	94.62162
1236	94.65641
1236.5	94.60542
1237	94.63539
1237.5	94.66136
1238	94.61691
1238.5	94.64021
1239	94.65518
1239.5	94.62513
1240	94.6439
1240.5	94.66492
1241	94.6327
1241.5	94.6094
1242	94.64704
1242.5	94.66136
1243	94.64802
1243.5	94.63374
1244	94.63308
1244.5	94.64259
1245	94.63447
1245.5	94.64801
1246	94.62511
1246.5	94.62945
1247	94.64514
1247.5	94.65811
1248	94.64514
1248.5	94.62218
1249	94.645
1249.5	94.62793
1250	94.63138
1250.5	94.66539
1251	94.64115
1251.5	94.6539
1252	94.63011
1252.5	94.6446
1253	94.63333
1253.5	94.64316
1254	94.63758
1254.5	94.63362
1255	94.65505
1255.5	94.64032
1256	94.64227
1256.5	94.64603
1257	94.63085
1257.5	94.63314
1258	94.64534
1258.5	94.64205
1259	94.6435
1259.5	94.62932
1260	94.66639
1260.5	94.65864
1261	94.60262
1261.5	94.63617
1262	94.6441
1262.5	94.61782
1263	94.61967
1263.5	94.60752
1264	94.67421
1264.5	94.63089
1265	94.63126
1265.5	94.63584
1266	94.64589
1266.5	94.63526
1267	94.64918
1267.5	94.64827
1268	94.64453
1268.5	94.62259
1269	94.63706
1269.5	94.63923
1270	94.64895
1270.5	94.62797
1271	94.6511
1271.5	94.65157
1272	94.6577
1272.5	94.64962
1273	94.65373
1273.5	94.65951
1274	94.63926
1274.5	94.65744
1275	94.65605
1275.5	94.6417
1276	94.64574
1276.5	94.65464
1277	94.67009
1277.5	94.64477
1278	94.62155
1278.5	94.65619
1279	94.64264
1279.5	94.61482
1280	94.64406
1280.5	94.63176
1281	94.64969
1281.5	94.64424
1282	94.66603
1282.5	94.62807
1283	94.6674
1283.5	94.66084
1284	94.65432
1284.5	94.6421
1285	94.64373
1285.5	94.6521
1286	94.63444
1286.5	94.63283
1287	94.6258
1287.5	94.62143
1288	94.60831
1288.5	94.65949
1289	94.63025
1289.5	94.63292
1290	94.65349
1290.5	94.6144
1291	94.62311
1291.5	94.62715
1292	94.67966
1292.5	94.63435
1293	94.64736
1293.5	94.62249
1294	94.64526
1294.5	94.62313
1295	94.64175
1295.5	94.64761
1296	94.6427
1296.5	94.62412
1297	94.66616
1297.5	94.65168
1298	94.61257
1298.5	94.64137
1299	94.63315
1299.5	94.60802
1300	94.61565
1300.5	94.64139
1301	94.65212
1301.5	94.62957
1302	94.65142
1302.5	94.63205
1303	94.63476
1303.5	94.62292
1304	94.62607
1304.5	94.64836
1305	94.62596
1305.5	94.64574
1306	94.64335
1306.5	94.65362
1307	94.63597
1307.5	94.65256
1308	94.63396
1308.5	94.65505
1309	94.65822
1309.5	94.61631
1310	94.62519
1310.5	94.63978
1311	94.64385
1311.5	94.63098
1312	94.61003
1312.5	94.64811
1313	94.66022
1313.5	94.65499
1314	94.64341
1314.5	94.64727
1315	94.65722
1315.5	94.64699
1316	94.65001
1316.5	94.64451
1317	94.6549
1317.5	94.6297
1318	94.61568
1318.5	94.63884
1319	94.634
1319.5	94.62519
1320	94.62866
1320.5	94.64963
1321	94.65396
1321.5	94.63816
1322	94.66816
1322.5	94.6305
1323	94.64337
1323.5	94.63098
1324	94.61668
1324.5	94.61074
1325	94.63913
1325.5	94.62099
1326	94.62914
1326.5	94.62851
1327	94.60907
1327.5	94.62979
1328	94.62809
1328.5	94.64893
1329	94.65578
1329.5	94.63382
1330	94.65321
1330.5	94.64743
1331	94.61624
1331.5	94.63834
1332	94.62136
1332.5	94.63685
1333	94.60722
1333.5	94.59167
1334	94.64974
1334.5	94.62985
1335	94.58921
1335.5	94.62951
1336	94.61976
1336.5	94.63588
1337	94.62046
1337.5	94.60062
1338	94.61421
1338.5	94.61014
1339	94.62916
1339.5	94.61888
1340	94.62982
1340.5	94.62899
1341	94.60829
1341.5	94.62727
1342	94.61625
1342.5	94.62378
1343	94.60956
1343.5	94.60916
1344	94.61845
1344.5	94.60051
1345	94.60066
1345.5	94.62606
1346	94.62143
1346.5	94.60305
1347	94.60884
1347.5	94.61825
1348	94.61067
1348.5	94.60856
1349	94.6029
1349.5	94.60157
1350	94.60046
1350.5	94.59545
1351	94.59092
1351.5	94.57576
1352	94.59397
1352.5	94.55461
1353	94.57319
1353.5	94.56376
1354	94.54518
1354.5	94.56529
1355	94.55269
1355.5	94.55939
1356	94.52905
1356.5	94.53575
1357	94.51641
1357.5	94.52742
1358	94.49234
1358.5	94.47814
1359	94.47248
1359.5	94.47955
1360	94.48453
1360.5	94.48082
1361	94.46409
1361.5	94.44493
1362	94.43491
1362.5	94.4498
1363	94.42301
1363.5	94.43576
1364	94.44146
1364.5	94.43056
1365	94.4136
1365.5	94.43243
1366	94.41261
1366.5	94.39525
1367	94.41508
1367.5	94.38198
1368	94.41591
1368.5	94.39596
1369	94.40136
1369.5	94.35249
1370	94.38011
1370.5	94.39649
1371	94.34433
1371.5	94.39055
1372	94.3477
1372.5	94.3635
1373	94.32372
1373.5	94.31211
1374	94.30445
1374.5	94.31941
1375	94.30679
1375.5	94.2778
1376	94.28522
1376.5	94.2962
1377	94.23876
1377.5	94.22326
1378	94.23753
1378.5	94.23678
1379	94.25103
1379.5	94.21379
1380	94.20658
1380.5	94.23783
1381	94.2142
1381.5	94.2073
1382	94.20365
1382.5	94.20478
1383	94.18758
1383.5	94.18952
1384	94.19382
1384.5	94.19731
1385	94.21014
1385.5	94.20741
1386	94.21719
1386.5	94.21288
1387	94.19744
1387.5	94.19487
1388	94.21381
1388.5	94.21566
1389	94.21707
1389.5	94.22976
1390	94.21264
1390.5	94.22786
1391	94.25878
1391.5	94.24233
1392	94.22609
1392.5	94.22448
1393	94.28816
1393.5	94.28093
1394	94.31454
1394.5	94.30822
1395	94.31048
1395.5	94.31941
1396	94.296
1396.5	94.31
1397	94.31434
1397.5	94.35106
1398	94.35671
1398.5	94.32063
1399	94.33445
1399.5	94.34063
1400	94.35533
1400.5	94.35739
1401	94.35447
1401.5	94.4
1402	94.37147
1402.5	94.32141
1403	94.3823
1403.5	94.37677
1404	94.37646
1404.5	94.37594
1405	94.41227
1405.5	94.39445
1406	94.39475
1406.5	94.40656
1407	94.44444
1407.5	94.44879
1408	94.39702
1408.5	94.42739
1409	94.4324
1409.5	94.41767
1410	94.43567
1410.5	94.47502
1411	94.44325
1411.5	94.44815
1412	94.46157
1412.5	94.48239
1413	94.43328
1413.5	94.4535
1414	94.48748
1414.5	94.51987
1415	94.48236
1415.5	94.45797
1416	94.48564
1416.5	94.48159
1417	94.48381
1417.5	94.51152
1418	94.53298
1418.5	94.51099
1419	94.5037
1419.5	94.49498
1420	94.55005
1420.5	94.52697
1421	94.49995
1421.5	94.53044
1422	94.53424
1422.5	94.4969
1423	94.53965
1423.5	94.51555
1424	94.55246
1424.5	94.55148
1425	94.56719
1425.5	94.54893
1426	94.52363
1426.5	94.53901
1427	94.52138
1427.5	94.53082
1428	94.54464
1428.5	94.5214
1429	94.55455
1429.5	94.55507
1430	94.50776
1430.5	94.52498
1431	94.55484
1431.5	94.49814
1432	94.54588
1432.5	94.54196
1433	94.56447
1433.5	94.54299
1434	94.51764
1434.5	94.54602
1435	94.54977
1435.5	94.53728
1436	94.54851
1436.5	94.53997
1437	94.54614
1437.5	94.5238
1438	94.52787
1438.5	94.52611
1439	94.53803
1439.5	94.52289
1440	94.53204
1440.5	94.52084
1441	94.52786
1441.5	94.5196
1442	94.53627
1442.5	94.51049
1443	94.51338
1443.5	94.51532
1444	94.52949
1444.5	94.56515
1445	94.53243
1445.5	94.51539
1446	94.53125
1446.5	94.52085
1447	94.53648
1447.5	94.54543
1448	94.556
1448.5	94.51699
1449	94.51024
1449.5	94.54711
1450	94.54774
1450.5	94.52218
1451	94.54995
1451.5	94.54745
1452	94.54093
1452.5	94.56131
1453	94.53085
1453.5	94.51322
1454	94.55246
1454.5	94.54733
1455	94.54158
1455.5	94.52713
1456	94.55384
1456.5	94.55701
1457	94.57019
1457.5	94.56598
1458	94.53943
1458.5	94.52649
1459	94.54858
1459.5	94.54229
1460	94.55477
1460.5	94.52898
1461	94.55413
1461.5	94.57402
1462	94.57347
1462.5	94.55478
1463	94.54995
1463.5	94.55148
1464	94.57727
1464.5	94.558
1465	94.58467
1465.5	94.58171
1466	94.57175
1466.5	94.5681
1467	94.55085
1467.5	94.57908
1468	94.57671
1468.5	94.5324
1469	94.54751
1469.5	94.56745
1470	94.54888
1470.5	94.55599
1471	94.5605
1471.5	94.53152
1472	94.583
1472.5	94.56251
1473	94.55338
1473.5	94.54436
1474	94.55573
1474.5	94.53692
1475	94.51597
1475.5	94.57566
1476	94.54205
1476.5	94.56858
1477	94.53065
1477.5	94.51288
1478	94.53653
1478.5	94.53308
1479	94.58723
1479.5	94.51739
1480	94.52497
1480.5	94.55111
1481	94.54705
1481.5	94.53455
1482	94.54272
1482.5	94.54431
1483	94.52886
1483.5	94.54276
1484	94.5539
1484.5	94.51181
1485	94.5249
1485.5	94.51133
1486	94.53614
1486.5	94.51348
1487	94.54753
1487.5	94.54393
1488	94.5348
1488.5	94.54704
1489	94.51736
1489.5	94.52129
1490	94.53094
1490.5	94.52757
1491	94.53537
1491.5	94.52279
1492	94.53166
1492.5	94.54737
1493	94.54385
1493.5	94.51176
1494	94.52036
1494.5	94.51363
1495	94.52761
1495.5	94.52008
1496	94.53591
1496.5	94.52783
1497	94.5412
1497.5	94.53175
1498	94.52991
1498.5	94.52125
1499	94.53574
1499.5	94.50536
1500	94.53117
1500.5	94.51897
1501	94.53974
1501.5	94.54647
1502	94.53411
1502.5	94.539
1503	94.51235
1503.5	94.51796
1504	94.52237
1504.5	94.55674
1505	94.56665
1505.5	94.52973
1506	94.53144
1506.5	94.53161
1507	94.52341
1507.5	94.50872
1508	94.51895
1508.5	94.5363
1509	94.53712
1509.5	94.53509
1510	94.50423
1510.5	94.51791
1511	94.52567
1511.5	94.4894
1512	94.53033
1512.5	94.51018
1513	94.50888
1513.5	94.52619
1514	94.52124
1514.5	94.46225
1515	94.50603
1515.5	94.5518
1516	94.5094
1516.5	94.4872
1517	94.50106
1517.5	94.53878
1518	94.48957
1518.5	94.52766
1519	94.51606
1519.5	94.47599
1520	94.54267
1520.5	94.49583
1521	94.52941
1521.5	94.49298
1522	94.50308
1522.5	94.48851
1523	94.50038
1523.5	94.4664
1524	94.46837
1524.5	94.50515
1525	94.48877
1525.5	94.5094
1526	94.45632
1526.5	94.45365
1527	94.47979
1527.5	94.46051
1528	94.45885
1528.5	94.50487
1529	94.4517
1529.5	94.47352
1530	94.49632
1530.5	94.47541
1531	94.4688
1531.5	94.41941
1532	94.44484
1532.5	94.46265
1533	94.46494
1533.5	94.44579
1534	94.44458
1534.5	94.46685
1535	94.42618
1535.5	94.46345
1536	94.45079
1536.5	94.44324
1537	94.44683
1537.5	94.42339
1538	94.45625
1538.5	94.44235
1539	94.41552
1539.5	94.44556
1540	94.47206
1540.5	94.42304
1541	94.47633
1541.5	94.4378
1542	94.46991
1542.5	94.48436
1543	94.4327
1543.5	94.43679
1544	94.44238
1544.5	94.4519
1545	94.41689
1545.5	94.44328
1546	94.43794
1546.5	94.4534
1547	94.45113
1547.5	94.44731
1548	94.44213
1548.5	94.41714
1549	94.4497
1549.5	94.42858
1550	94.44373
1550.5	94.43379
1551	94.46746
1551.5	94.43976
1552	94.41886
1552.5	94.42736
1553	94.44554
1553.5	94.44903
1554	94.43177
1554.5	94.4063
1555	94.44177
1555.5	94.38799
1556	94.43624
1556.5	94.44425
1557	94.44471
1557.5	94.42973
1558	94.41194
1558.5	94.43024
1559	94.42087
1559.5	94.42161
1560	94.43837
1560.5	94.40159
1561	94.40734
1561.5	94.45044
1562	94.40856
1562.5	94.43264
1563	94.36942
1563.5	94.45527
1564	94.40354
1564.5	94.41019
1565	94.42193
1565.5	94.40642
1566	94.42057
1566.5	94.4031
1567	94.3825
1567.5	94.38858
1568	94.40044
1568.5	94.39296
1569	94.40972
1569.5	94.39662
1570	94.40039
1570.5	94.3797
1571	94.38054
1571.5	94.39404
1572	94.35979
1572.5	94.38712
1573	94.37529
1573.5	94.37059
1574	94.38478
1574.5	94.3863
1575	94.34149
1575.5	94.3767
1576	94.36657
1576.5	94.34581
1577	94.36103
1577.5	94.36848
1578	94.3741
1578.5	94.35082
1579	94.33382
1579.5	94.36003
1580	94.36489
1580.5	94.31289
1581	94.34059
1581.5	94.32793
1582	94.33131
1582.5	94.34635
1583	94.35874
1583.5	94.32431
1584	94.35954
1584.5	94.31678
1585	94.35277
1585.5	94.35651
1586	94.31903
1586.5	94.33461
1587	94.30705
1587.5	94.34573
1588	94.33161
1588.5	94.30677
1589	94.33139
1589.5	94.36702
1590	94.31729
1590.5	94.33698
1591	94.33598
1591.5	94.32405
1592	94.30743
1592.5	94.34001
1593	94.31568
1593.5	94.32302
1594	94.31909
1594.5	94.33549
1595	94.30426
1595.5	94.302
1596	94.3248
1596.5	94.32471
1597	94.30401
1597.5	94.32388
1598	94.29367
1598.5	94.3227
1599	94.32054
1599.5	94.30989
1600	94.29349
1600.5	94.29243
1601	94.31483
1601.5	94.28443
1602	94.24417
1602.5	94.27381
1603	94.29104
1603.5	94.2584
1604	94.26505
1604.5	94.28522
1605	94.31983
1605.5	94.26352
1606	94.2736
1606.5	94.28453
1607	94.2939
1607.5	94.30302
1608	94.27478
1608.5	94.26945
1609	94.28158
1609.5	94.26854
1610	94.25721
1610.5	94.29007
1611	94.25663
1611.5	94.27734
1612	94.24221
1612.5	94.27935
1613	94.25796
1613.5	94.26011
1614	94.25024
1614.5	94.26055
1615	94.24733
1615.5	94.26773
1616	94.24279
1616.5	94.20292
1617	94.22876
1617.5	94.21793
1618	94.25424
1618.5	94.23261
1619	94.25609
1619.5	94.24993
1620	94.19265
1620.5	94.22174
1621	94.22048
1621.5	94.22672
1622	94.21022
1622.5	94.19927
1623	94.22562
1623.5	94.20594
1624	94.19374
1624.5	94.21189
1625	94.16588
1625.5	94.18441
1626	94.19738
1626.5	94.20393
1627	94.16875
1627.5	94.19551
1628	94.19379
1628.5	94.20369
1629	94.16272
1629.5	94.18613
1630	94.20856
1630.5	94.17813
1631	94.16983
1631.5	94.13646
1632	94.17948
1632.5	94.1902
1633	94.15633
1633.5	94.1211
1634	94.13513
1634.5	94.14979
1635	94.14003
1635.5	94.14984
1636	94.15736
1636.5	94.15046
1637	94.12818
1637.5	94.16565
1638	94.13854
1638.5	94.12616
1639	94.15092
1639.5	94.14642
1640	94.14662
1640.5	94.13745
1641	94.13535
1641.5	94.13993
1642	94.14371
1642.5	94.14916
1643	94.13026
1643.5	94.13864
1644	94.11914
1644.5	94.12483
1645	94.09786
1645.5	94.09824
1646	94.15511
1646.5	94.12611
1647	94.13153
1647.5	94.12816
1648	94.10556
1648.5	94.13953
1649	94.13731
1649.5	94.12207
1650	94.11109
1650.5	94.09771
1651	94.11393
1651.5	94.09246
1652	94.08979
1652.5	94.11641
1653	94.10388
1653.5	94.11871
1654	94.09054
1654.5	94.06166
1655	94.06902
1655.5	94.06472
1656	94.06971
1656.5	94.06982
1657	94.07503
1657.5	94.06568
1658	94.06147
1658.5	94.05712
1659	94.07736
1659.5	94.05795
1660	94.06828
1660.5	94.07109
1661	94.06402
1661.5	94.0626
1662	94.07109
1662.5	94.05444
1663	94.04631
1663.5	94.04845
1664	94.02568
1664.5	94.04605
1665	94.05014
1665.5	94.01718
1666	93.99289
1666.5	94.04592
1667	94.02713
1667.5	94.03162
1668	94.01756
1668.5	94.03699
1669	94.02207
1669.5	93.98957
1670	94.00902
1670.5	94.00697
1671	93.97502
1671.5	94.01882
1672	93.97989
1672.5	93.99727
1673	93.97584
1673.5	93.96224
1674	93.98262
1674.5	94.00079
1675	93.97843
1675.5	93.94931
1676	93.94727
1676.5	93.97766
1677	93.95458
1677.5	93.93911
1678	93.91494
1678.5	93.93069
1679	93.96238
1679.5	93.93182
1680	93.97104
1680.5	93.92751
1681	93.90725
1681.5	93.90837
1682	93.94194
1682.5	93.94395
1683	93.93701
1683.5	93.88987
1684	93.91677
1684.5	93.90279
1685	93.89505
1685.5	93.90512
1686	93.89324
1686.5	93.91643
1687	93.91732
1687.5	93.92665
1688	93.86455
1688.5	93.8985
1689	93.87826
1689.5	93.89339
1690	93.91317
1690.5	93.89627
1691	93.88355
1691.5	93.87356
1692	93.90432
1692.5	93.84807
1693	93.88015
1693.5	93.88783
1694	93.86563
1694.5	93.8793
1695	93.85871
1695.5	93.8983
1696	93.87274
1696.5	93.86654
1697	93.8489
1697.5	93.86341
1698	93.8505
1698.5	93.83109
1699	93.84517
1699.5	93.86144
1700	93.8383
1700.5	93.83745
1701	93.83486
1701.5	93.85667
1702	93.84399
1702.5	93.84857
1703	93.84298
1703.5	93.80956
1704	93.83183
1704.5	93.80767
1705	93.83883
1705.5	93.79026
1706	93.8511
1706.5	93.831
1707	93.80666
1707.5	93.84181
1708	93.80039
1708.5	93.8214
1709	93.80113
1709.5	93.80647
1710	93.79158
1710.5	93.79548
1711	93.78868
1711.5	93.75315
1712	93.78426
1712.5	93.77235
1713	93.78682
1713.5	93.77444
1714	93.77365
1714.5	93.79679
1715	93.75295
1715.5	93.76821
1716	93.75508
1716.5	93.78058
1717	93.75581
1717.5	93.76933
1718	93.75937
1718.5	93.74934
1719	93.72715
1719.5	93.72573
1720	93.76936
1720.5	93.73902
1721	93.73324
1721.5	93.7484
1722	93.76859
1722.5	93.74766
1723	93.7621
1723.5	93.76117
1724	93.75636
1724.5	93.72142
1725	93.69201
1725.5	93.70351
1726	93.70933
1726.5	93.71506
1727	93.6932
1727.5	93.71746
1728	93.67261
1728.5	93.73398
1729	93.71816
1729.5	93.67564
1730	93.69696
1730.5	93.69044
1731	93.70861
1731.5	93.6954
1732	93.6567
1732.5	93.67384
1733	93.67393
1733.5	93.66947
1734	93.66844
1734.5	93.64987
1735	93.67593
1735.5	93.6775
1736	93.62249
1736.5	93.64287
1737	93.66004
1737.5	93.61435
1738	93.64419
1738.5	93.66014
1739	93.68614
1739.5	93.65393
1740	93.62262
1740.5	93.63276
1741	93.62377
1741.5	93.62462
1742	93.61914
1742.5	93.63359
1743	93.61537
1743.5	93.57265
1744	93.63039
1744.5	93.59326
1745	93.57222
1745.5	93.5817
1746	93.59095
1746.5	93.59987
1747	93.5677
1747.5	93.57905
1748	93.55156
1748.5	93.5585
1749	93.56966
1749.5	93.5749
1750	93.56602
1750.5	93.55309
1751	93.57426
1751.5	93.53762
1752	93.53505
1752.5	93.5578
1753	93.57811
1753.5	93.54526
1754	93.53142
1754.5	93.55424
1755	93.54573
1755.5	93.55693
1756	93.55647
1756.5	93.51898
1757	93.54447
1757.5	93.52282
1758	93.5229
1758.5	93.5205
1759	93.55719
1759.5	93.53035
1760	93.5233
1760.5	93.53673
1761	93.49668
1761.5	93.50237
1762	93.52963
1762.5	93.49571
1763	93.52954
1763.5	93.51457
1764	93.51325
1764.5	93.49387
1765	93.48966
1765.5	93.45552
1766	93.48316
1766.5	93.50495
1767	93.49493
1767.5	93.48111
1768	93.49731
1768.5	93.52951
1769	93.52198
1769.5	93.47652
1770	93.50349
1770.5	93.47969
1771	93.46148
1771.5	93.47423
1772	93.4505
1772.5	93.44029
1773	93.4588
1773.5	93.46931
1774	93.49237
1774.5	93.48037
1775	93.44146
1775.5	93.44734
1776	93.42836
1776.5	93.42764
1777	93.46153
1777.5	93.43369
1778	93.45192
1778.5	93.42303
1779	93.44142
1779.5	93.44867
1780	93.455
1780.5	93.42413
1781	93.4235
1781.5	93.41319
1782	93.39157
1782.5	93.41794
1783	93.42755
1783.5	93.38509
1784	93.42332
1784.5	93.41446
1785	93.38587
1785.5	93.40631
1786	93.40501
1786.5	93.399
1787	93.39648
1787.5	93.35276
1788	93.37509
1788.5	93.38732
1789	93.36291
1789.5	93.33842
1790	93.3717
1790.5	93.34108
1791	93.34421
1791.5	93.35738
1792	93.3392
1792.5	93.32238
1793	93.31153
1793.5	93.34259
1794	93.2855
1794.5	93.27887
1795	93.26197
1795.5	93.28997
1796	93.25305
1796.5	93.24798
1797	93.21778
1797.5	93.27887
1798	93.22937
1798.5	93.27887
1799	93.1859
1799.5	93.18219
1800	93.27229
1800.5	93.26891
1801	93.26553
1801.5	93.26213
1802	93.25874
1802.5	93.25534
1803	93.25193
1803.5	93.24852
1804	93.24509
1804.5	93.24167
1805	93.23823
1805.5	93.23479
1806	93.23135
1806.5	93.2279
1807	93.22444
1807.5	93.22097
1808	93.2175
1808.5	93.21403
1809	93.21054
1809.5	93.20705
1810	93.20355
1810.5	93.20005
1811	93.19654
1811.5	93.19302
1812	93.1895
1812.5	93.18596
1813	93.18243
1813.5	93.17888
1814	93.17533
1814.5	93.17178
1815	93.16821
1815.5	93.16464
1816	93.16106
1816.5	93.15747
1817	93.15388
1817.5	93.15028
1818	93.14668
1818.5	93.14306
1819	93.13944
1819.5	93.13581
1820	93.13218
1820.5	93.12854
1821	93.12489
1821.5	93.12123
1822	93.11757
1822.5	93.1139
1823	93.11022
1823.5	93.10653
1824	93.10284
1824.5	93.09914
1825	93.09543
1825.5	93.09171
1826	93.08799
1826.5	93.08426
1827	93.08052
1827.5	93.07678
1828	93.07302
1828.5	93.06926
1829	93.06549
1829.5	93.06171
1830	93.05793
1830.5	93.05414
1831	93.05034
1831.5	93.04653
1832	93.04271
1832.5	93.03889
1833	93.03505
1833.5	93.03122
1834	93.02737
1834.5	93.02351
1835	93.01965
1835.5	93.01577
1836	93.0119
1836.5	93.008
1837	93.00411
1837.5	93.0002
1838	92.99629
1838.5	92.99237
1839	92.98843
1839.5	92.9845
1840	92.98054
1840.5	92.97659
1841	92.97263
1841.5	92.96865
1842	92.96467
1842.5	92.96068
1843	92.95668
1843.5	92.95267
1844	92.94865
1844.5	92.94463
1845	92.94059
1845.5	92.93655
1846	92.9325
1846.5	92.92843
1847	92.92437
1847.5	92.92028
1848	92.9162
1848.5	92.9121
1849	92.90799
1849.5	92.90388
1850	92.89975
1850.5	92.89562
1851	92.89147
1851.5	92.88732
1852	92.88315
1852.5	92.87898
1853	92.8748
1853.5	92.87061
1854	92.86642
1854.5	92.8622
1855	92.85798
1855.5	92.85375
1856	92.84951
1856.5	92.84527
1857	92.841
1857.5	92.83674
1858	92.83246
1858.5	92.82817
1859	92.82387
1859.5	92.81956
1860	92.81525
1860.5	92.81092
1861	92.80658
1861.5	92.80223
1862	92.79787
1862.5	92.79351
1863	92.78913
1863.5	92.78474
1864	92.78034
1864.5	92.77593
1865	92.77151
1865.5	92.76708
1866	92.76264
1866.5	92.75818
1867	92.75372
1867.5	92.74925
1868	92.74476
1868.5	92.74027
1869	92.73576
1869.5	92.73125
1870	92.72672
1870.5	92.72218
1871	92.71764
1871.5	92.71307
1872	92.70851
1872.5	92.70392
1873	92.69933
1873.5	92.69473
1874	92.69011
1874.5	92.68549
1875	92.68085
1875.5	92.6762
1876	92.67154
1876.5	92.66687
1877	92.66219
1877.5	92.65749
1878	92.65279
1878.5	92.64806
1879	92.64334
1879.5	92.6386
1880	92.63384
1880.5	92.62908
1881	92.6243
1881.5	92.61952
1882	92.61471
1882.5	92.6099
1883	92.60508
1883.5	92.60024
1884	92.5954
1884.5	92.59053
1885	92.58566
1885.5	92.58078
1886	92.57588
1886.5	92.57097
1887	92.56604
1887.5	92.56112
1888	92.55617
1888.5	92.55121
1889	92.54624
1889.5	92.54125
1890	92.53626
1890.5	92.53124
1891	92.52622
1891.5	92.52119
1892	92.51614
1892.5	92.51108
1893	92.506
1893.5	92.50092
1894	92.49582
1894.5	92.4907
1895	92.48558
1895.5	92.48044
1896	92.47529
1896.5	92.47012
1897	92.46494
1897.5	92.45975
1898	92.45454
1898.5	92.44933
1899	92.44409
1899.5	92.43885
1900	92.43359
1900.5	92.42831
1901	92.42303
1901.5	92.41772
1902	92.41241
1902.5	92.40708
1903	92.40174
1903.5	92.39638
1904	92.39101
1904.5	92.38563
1905	92.38022
1905.5	92.37481
1906	92.36938
1906.5	92.36394
1907	92.35849
1907.5	92.35301
1908	92.34754
1908.5	92.34203
1909	92.33652
1909.5	92.33099
1910	92.32544
1910.5	92.3199
1911	92.31431
1911.5	92.30873
1912	92.30313
1912.5	92.29751
1913	92.29188
1913.5	92.28623
1914	92.28057
1914.5	92.27489
1915	92.2692
1915.5	92.26349
1916	92.25777
1916.5	92.25204
1917	92.24627
1917.5	92.24051
1918	92.23472
1918.5	92.22892
1919	92.22311
1919.5	92.21727
1920	92.21143
1920.5	92.20556
1921	92.19969
1921.5	92.19379
1922	92.18788
1922.5	92.18196
1923	92.17601
1923.5	92.17006
1924	92.16408
1924.5	92.15809
1925	92.15209
1925.5	92.14605
1926	92.14002
1926.5	92.13396
1927	92.12789
1927.5	92.1218
1928	92.11569
1928.5	92.10958
1929	92.10343
1929.5	92.09728
1930	92.0911
1930.5	92.08491
1931	92.07871
1931.5	92.07248
1932	92.06625
1932.5	92.05998
1933	92.05371
1933.5	92.04742
1934	92.0411
1934.5	92.03479
1935	92.02843
1935.5	92.02207
1936	92.01569
1936.5	92.00929
1937	92.00289
1937.5	91.99644
1938	91.99
1938.5	91.98353
1939	91.97704
1939.5	91.97054
1940	91.96402
1940.5	91.95749
1941	91.95092
1941.5	91.94435
1942	91.93775
1942.5	91.93114
1943	91.92451
1943.5	91.91785
1944	91.91119
1944.5	91.9045
1945	91.8978
1945.5	91.89108
1946	91.88433
1946.5	91.87758
1947	91.87079
1947.5	91.86399
1948	91.85718
1948.5	91.85034
1949	91.84349
1949.5	91.8366
1950	91.82972
1950.5	91.8228
1951	91.81587
1951.5	91.80892
1952	91.80194
1952.5	91.79496
1953	91.78794
1953.5	91.78091
1954	91.77386
1954.5	91.76679
1955	91.75971
1955.5	91.75259
1956	91.74547
1956.5	91.73831
1957	91.73114
1957.5	91.72396
1958	91.71674
1958.5	91.70952
1959	91.70226
1959.5	91.69499
1960	91.6877
1960.5	91.68039
1961	91.67306
1961.5	91.6657
1962	91.65833
1962.5	91.65093
1963	91.64352
1963.5	91.63609
1964	91.62862
1964.5	91.62115
1965	91.61364
1965.5	91.60613
1966	91.59859
1966.5	91.59102
1967	91.58345
1967.5	91.57583
1968	91.56821
1968.5	91.56055
1969	91.55288
1969.5	91.54519
1970	91.53747
1970.5	91.52975
1971	91.52198
1971.5	91.5142
1972	91.5064
1972.5	91.49857
1973	91.49074
1973.5	91.48286
1974	91.47497
1974.5	91.46706
1975	91.45912
1975.5	91.45117
1976	91.44318
1976.5	91.43519
1977	91.42715
1977.5	91.4191
1978	91.41103
1978.5	91.40293
1979	91.39483
1979.5	91.38667
1980	91.37852
1980.5	91.37033
1981	91.36212
1981.5	91.35389
1982	91.34562
1982.5	91.33735
1983	91.32904
1983.5	91.32072
1984	91.31237
1984.5	91.30398
1985	91.2956
1985.5	91.28716
1986	91.27872
1986.5	91.27025
1987	91.26175
1987.5	91.25324
1988	91.24469
1988.5	91.23613
1989	91.22753
1989.5	91.21892
1990	91.21028
1990.5	91.20161
1991	91.19293
1991.5	91.1842
1992	91.17547
1992.5	91.1667
1993	91.15791
1993.5	91.14911
1994	91.14025
1994.5	91.1314
1995	91.1225
1995.5	91.11359
1996	91.10465
1996.5	91.09568
1997	91.0867
1997.5	91.07767
1998	91.06863
1998.5	91.05956
1999	91.05046
1999.5	91.04135
2000	91.03219
2000.5	91.02303
2001	91.01383
2001.5	91.0046
2002	90.99536
2002.5	90.98607
2003	90.97678
2003.5	90.96744
2004	90.95809
2004.5	90.9487
2005	90.93929
2005.5	90.92986
2006	90.92038
2006.5	90.91091
2007	90.90138
2007.5	90.89183
2008	90.88227
2008.5	90.87266
2009	90.86305
2009.5	90.85338
2010	90.84371
2010.5	90.83399
2011	90.82425
2011.5	90.8145
2012	90.8047
2012.5	90.79489
2013	90.78503
2013.5	90.77516
2014	90.76526
2014.5	90.75532
2015	90.74537
2015.5	90.73537
2016	90.72536
2016.5	90.71531
2017	90.70523
2017.5	90.69514
2018	90.685
2018.5	90.67485
2019	90.66465
2019.5	90.65443
2020	90.64419
2020.5	90.63391
2021	90.62362
2021.5	90.61327
2022	90.60291
2022.5	90.59252
2023	90.58209
2023.5	90.57165
2024	90.56115
2024.5	90.55065
2025	90.5401
2025.5	90.52953
2026	90.51894
2026.5	90.5083
2027	90.49765
2027.5	90.48694
2028	90.47623
2028.5	90.46548
2029	90.45469
2029.5	90.44389
2030	90.43303
2030.5	90.42217
2031	90.41125
2031.5	90.40032
2032	90.38936
2032.5	90.37835
2033	90.36734
2033.5	90.35626
2034	90.34518
2034.5	90.33405
2035	90.32289
2035.5	90.31173
2036	90.30049
2036.5	90.28925
2037	90.27796
2037.5	90.26665
2038	90.25532
2038.5	90.24393
2039	90.23254
2039.5	90.22108
2040	90.20961
2040.5	90.19811
2041	90.18656
2041.5	90.17501
2042	90.16339
2042.5	90.15177
2043	90.14009
2043.5	90.12839
2044	90.11667
2044.5	90.10488
2045	90.0931
2045.5	90.08125
2046	90.06939
2046.5	90.0575
2047	90.04555
2047.5	90.03361
2048	90.02159
2048.5	90.00956
2049	89.99749
2049.5	89.98539
2050	89.97326
2050.5	89.96108
2051	89.94889
2051.5	89.93664
2052	89.92437
2052.5	89.91207
2053	89.89972
2053.5	89.88737
2054	89.87494
2054.5	89.8625
2055	89.85002
2055.5	89.8375
2056	89.82497
2056.5	89.81237
2057	89.79976
2057.5	89.78709
2058	89.77441
2058.5	89.76169
2059	89.74892
2059.5	89.73615
2060	89.72329
2060.5	89.71043
2061	89.69752
2061.5	89.68458
2062	89.67162
2062.5	89.65859
2063	89.64556
2063.5	89.63246
2064	89.61935
2064.5	89.6062
2065	89.59299
2065.5	89.57979
2066	89.56649
2066.5	89.5532
2067	89.53986
2067.5	89.52648
2068	89.51308
2068.5	89.49961
2069	89.48614
2069.5	89.4726
2070	89.45904
2070.5	89.44544
2071	89.43179
2071.5	89.41814
2072	89.4044
2072.5	89.39066
2073	89.37686
2073.5	89.36303
2074	89.34918
2074.5	89.33526
2075	89.32133
2075.5	89.30734
2076	89.29332
2076.5	89.27927
2077	89.26516
2077.5	89.25105
2078	89.23685
2078.5	89.22265
2079	89.20839
2079.5	89.19409
2080	89.17978
2080.5	89.16539
2081	89.151
2081.5	89.13653
2082	89.12204
2082.5	89.10752
2083	89.09294
2083.5	89.07836
2084	89.06368
2084.5	89.04901
2085	89.03427
2085.5	89.0195
2086	89.00471
2086.5	88.98984
2087	88.97496
2087.5	88.96002
2088	88.94505
2088.5	88.93004
2089	88.91497
2089.5	88.89991
2090	88.88474
2090.5	88.86958
2091	88.85436
2091.5	88.83909
2092	88.82381
2092.5	88.80844
2093	88.79307
2093.5	88.77763
2094	88.76217
2094.5	88.74667
2095	88.7311
2095.5	88.71553
2096	88.69987
2096.5	88.6842
2097	88.66847
2097.5	88.6527
2098	88.63692
2098.5	88.62104
2099	88.60517
2099.5	88.58922
2100	88.57324
2100.5	88.55723
2101	88.54115
2101.5	88.52506
2102	88.50889
2102.5	88.4927
2103	88.47646
2103.5	88.46017
2104	88.44387
2104.5	88.42747
2105	88.41107
2105.5	88.3946
2106	88.3781
2106.5	88.36156
2107	88.34495
2107.5	88.32834
2108	88.31163
2108.5	88.29492
2109	88.27815
2109.5	88.26132
2110	88.24449
2110.5	88.22755
2111	88.21062
2111.5	88.19361
2112	88.17657
2112.5	88.1595
2113	88.14234
2113.5	88.12519
2114	88.10794
2114.5	88.09068
2115	88.07336
2115.5	88.05599
2116	88.03861
2116.5	88.02112
2117	88.00364
2117.5	87.98608
2118	87.96848
2118.5	87.95086
2119	87.93315
2119.5	87.91544
2120	87.89763
2120.5	87.87981
2121	87.86194
2121.5	87.844
2122	87.82606
2122.5	87.80801
2123	87.78996
2123.5	87.77183
2124	87.75367
2124.5	87.73548
2125	87.71719
2125.5	87.69891
2126	87.68054
2126.5	87.66214
2127	87.64369
2127.5	87.62518
2128	87.60666
2128.5	87.58803
2129	87.5694
2129.5	87.55069
2130	87.53195
2130.5	87.51317
2131	87.4943
2131.5	87.47544
2132	87.45647
2132.5	87.43748
2133	87.41845
2133.5	87.39934
2134	87.38024
2134.5	87.36101
2135	87.34178
2135.5	87.32248
2136	87.30314
2136.5	87.28376
2137	87.26429
2137.5	87.24482
2138	87.22526
2138.5	87.20567
2139	87.18603
2139.5	87.16631
2140	87.1466
2140.5	87.12676
2141	87.10693
2141.5	87.08702
2142	87.06706
2142.5	87.04707
2143	87.02699
2143.5	87.0069
2144	86.98672
2144.5	86.9665
2145	86.94625
2145.5	86.92591
2146	86.90557
2146.5	86.88511
2147	86.86465
2147.5	86.84411
2148	86.82352
2148.5	86.80291
2149	86.78219
2149.5	86.76147
2150	86.74066
2150.5	86.71981
2151	86.69892
2151.5	86.67794
2152	86.65697
2152.5	86.63587
2153	86.61476
2153.5	86.59358
2154	86.57235
2154.5	86.55109
2155	86.52973
2155.5	86.50836
2156	86.4869
2156.5	86.4654
2157	86.44385
2157.5	86.42222
2158	86.40059
2158.5	86.37884
2159	86.35708
2159.5	86.33524
2160	86.31335
2160.5	86.29143
2161	86.2694
2161.5	86.24737
2162	86.22524
2162.5	86.20308
2163	86.18087
2163.5	86.15857
2164	86.13626
2164.5	86.11384
2165	86.0914
2165.5	86.06889
2166	86.04632
2166.5	86.02373
2167	86.00102
2167.5	85.97831
2168	85.9555
2168.5	85.93265
2169	85.90976
2169.5	85.88677
2170	85.86379
2170.5	85.84067
2171	85.81754
2171.5	85.79435
2172	85.77108
2172.5	85.7478
2173	85.72439
2173.5	85.70099
2174	85.67748
2174.5	85.65393
2175	85.63034
2175.5	85.60665
2176	85.58296
2176.5	85.55914
2177	85.53531
2177.5	85.51141
2178	85.48743
2178.5	85.46344
2179	85.43932
2179.5	85.4152
2180	85.39098
2180.5	85.36672
2181	85.34241
2181.5	85.318
2182	85.29359
2182.5	85.26905
2183	85.24449
2183.5	85.21987
2184	85.19517
2184.5	85.17045
2185	85.1456
2185.5	85.12075
2186	85.0958
2186.5	85.07081
2187	85.04577
2187.5	85.02062
2188	84.99547
2188.5	84.9702
2189	84.9449
2189.5	84.91954
2190	84.89409
2190.5	84.86864
2191	84.84304
2191.5	84.81744
2192	84.79175
2192.5	84.766
2193	84.74021
2193.5	84.71431
2194	84.68841
2194.5	84.66238
2195	84.63633
2195.5	84.61021
2196	84.584
2196.5	84.55779
2197	84.53142
2197.5	84.50506
2198	84.4786
2198.5	84.45209
2199	84.42554
2199.5	84.39886
2200	84.37219
2200.5	84.34539
2201	84.31856
2201.5	84.29167
2202	84.26468
2202.5	84.2377
2203	84.21055
2203.5	84.18341
2204	84.15617
2204.5	84.12887
2205	84.10153
2205.5	84.07407
2206	84.04661
2206.5	84.01902
2207	83.9914
2207.5	83.96372
2208	83.93594
2208.5	83.90815
2209	83.88021
2209.5	83.85227
2210	83.82423
2210.5	83.79613
2211	83.76799
2211.5	83.73973
2212	83.71146
2212.5	83.68306
2213	83.65463
2213.5	83.62614
2214	83.59755
2214.5	83.56895
2215	83.5402
2215.5	83.51144
2216	83.48258
2216.5	83.45366
2217	83.4247
2217.5	83.39561
2218	83.36652
2218.5	83.3373
2219	83.30804
2219.5	83.27872
2220	83.2493
2220.5	83.21987
2221	83.19028
2221.5	83.16069
2222	83.131
2222.5	83.10124
2223	83.07145
2223.5	83.04151
2224	83.01158
2224.5	82.98152
2225	82.95142
2225.5	82.92125
2226	82.89098
2226.5	82.8607
2227	82.83026
2227.5	82.79982
2228	82.76928
2228.5	82.73865
2229	82.70801
2229.5	82.67722
2230	82.64642
2230.5	82.6155
2231	82.58453
2231.5	82.55351
2232	82.52236
2232.5	82.49122
2233	82.45991
2233.5	82.42859
2234	82.39718
2234.5	82.36569
2235	82.33417
2235.5	82.3025
2236	82.27083
2236.5	82.23902
2237	82.20717
2237.5	82.17527
2238	82.14324
2238.5	82.11121
2239	82.07901
2239.5	82.0468
2240	82.0145
2240.5	81.98211
2241	81.94971
2241.5	81.91714
2242	81.88457
2242.5	81.85187
2243	81.81912
2243.5	81.78631
2244	81.75337
2244.5	81.72044
2245	81.68734
2245.5	81.65422
2246	81.62101
2246.5	81.58771
2247	81.55439
2247.5	81.52091
2248	81.48742
2248.5	81.4538
2249	81.42013
2249.5	81.38641
2250	81.35255
2250.5	81.31869
2251	81.28466
2251.5	81.25062
2252	81.21648
2252.5	81.18225
2253	81.148
2253.5	81.11358
2254	81.07916
2254.5	81.04461
2255	81.00999
2255.5	80.97533
2256	80.94053
2256.5	80.90573
2257	80.87076
2257.5	80.83577
2258	80.80069
2258.5	80.7655
2259	80.7303
2259.5	80.69493
2260	80.65955
2260.5	80.62404
2261	80.58847
2261.5	80.55285
2262	80.51709
2262.5	80.48132
2263	80.44539
2263.5	80.40943
2264	80.37339
2264.5	80.33723
2265	80.30107
2265.5	80.26471
2266	80.22836
2266.5	80.19188
2267	80.15533
2267.5	80.11874
2268	80.08199
2268.5	80.04524
2269	80.00833
2269.5	79.97138
2270	79.93435
2270.5	79.89721
2271	79.86006
2271.5	79.82271
2272	79.78536
2272.5	79.74789
2273	79.71034
2273.5	79.67275
2274	79.635
2274.5	79.59725
2275	79.55934
2275.5	79.52138
2276	79.48335
2276.5	79.44519
2277	79.40704
2277.5	79.36867
2278	79.33031
2278.5	79.29183
2279	79.25326
2279.5	79.21466
2280	79.17588
2280.5	79.13711
2281	79.09817
2281.5	79.05919
2282	79.02013
2282.5	78.98095
2283	78.94176
2283.5	78.90237
2284	78.86297
2284.5	78.82345
2285	78.78385
2285.5	78.74421
2286	78.70439
2286.5	78.66458
2287	78.6246
2287.5	78.58457
2288	78.54447
2288.5	78.50423
2289	78.46399
2289.5	78.42355
2290	78.3831
2290.5	78.34253
2291	78.30186
2291.5	78.26117
2292	78.22029
2292.5	78.17941
2293	78.13837
2293.5	78.09727
2294	78.0561
2294.5	78.0148
2295	77.97349
2295.5	77.93197
2296	77.89045
2296.5	77.8488
2297	77.80706
2297.5	77.76528
2298	77.72332
2298.5	77.68136
2299	77.63924
2299.5	77.59705
2300	77.5548
2300.5	77.5124
2301	77.47
2301.5	77.42739
2302	77.38477
2302.5	77.34203
2303	77.29918
2303.5	77.25631
2304	77.21325
2304.5	77.17018
2305	77.12695
2305.5	77.08366
2306	77.0403
2306.5	76.99679
2307	76.95327
2307.5	76.90955
2308	76.86581
2308.5	76.82196
2309	76.77799
2309.5	76.734
2310	76.68981
2310.5	76.64562
2311	76.60127
2311.5	76.55685
2312	76.51236
2312.5	76.46771
2313	76.42306
2313.5	76.37821
2314	76.33333
2314.5	76.28834
2315	76.24323
2315.5	76.19811
2316	76.15277
2316.5	76.10743
2317	76.06193
2317.5	76.01636
2318	75.97072
2318.5	75.92492
2319	75.87911
2319.5	75.83311
2320	75.78707
2320.5	75.74092
2321	75.69465
2321.5	75.64836
2322	75.60185
2322.5	75.55534
2323	75.50868
2323.5	75.46194
2324	75.41513
2324.5	75.36815
2325	75.32117
2325.5	75.27398
2326	75.22676
2326.5	75.17944
2327	75.13198
2327.5	75.08451
2328	75.03681
2328.5	74.98911
2329	74.94126
2329.5	74.89332
2330	74.84533
2330.5	74.79715
2331	74.74897
2331.5	74.70058
2332	74.65216
2332.5	74.60363
2333	74.55497
2333.5	74.50629
2334	74.45738
2334.5	74.40848
2335	74.35941
2335.5	74.31026
2336	74.26105
2336.5	74.21165
2337	74.16225
2337.5	74.11264
2338	74.063
2338.5	74.01324
2339	73.96335
2339.5	73.91345
2340	73.86331
2340.5	73.81316
2341	73.76287
2341.5	73.71248
2342	73.66203
2342.5	73.61139
2343	73.56074
2343.5	73.5099
2344	73.459
2344.5	73.40801
2345	73.35686
2345.5	73.30572
2346	73.25432
2346.5	73.20292
2347	73.15137
2347.5	73.09971
2348	73.04801
2348.5	72.9961
2349	72.94419
2349.5	72.89208
2350	72.83992
2350.5	72.78766
2351	72.73524
2351.5	72.68282
2352	72.63014
2352.5	72.57746
2353	72.52464
2353.5	72.4717
2354	72.41872
2354.5	72.36552
2355	72.31233
2355.5	72.25893
2356	72.20547
2356.5	72.15192
2357	72.0982
2357.5	72.04448
2358	71.99051
2358.5	71.93653
2359	71.88241
2359.5	71.82816
2360	71.77388
2360.5	71.71937
2361	71.66487
2361.5	71.61016
2362	71.55539
2362.5	71.50052
2363	71.44549
2363.5	71.39045
2364	71.33516
2364.5	71.27986
2365	71.22441
2365.5	71.16883
2366	71.11322
2366.5	71.05738
2367	71.00155
2367.5	70.94551
2368	70.8894
2368.5	70.8332
2369	70.77682
2369.5	70.72044
2370	70.6638
2370.5	70.60715
2371	70.55036
2371.5	70.49343
2372	70.43648
2372.5	70.37928
2373	70.32208
2373.5	70.26469
2374	70.20722
2374.5	70.14966
2375	70.09191
2375.5	70.03417
2376	69.97617
2376.5	69.91815
2377	69.85998
2377.5	69.80169
2378	69.74336
2378.5	69.68478
2379	69.6262
2379.5	69.56743
2380	69.50857
2380.5	69.44963
2381	69.3905
2381.5	69.33136
2382	69.27198
2382.5	69.21256
2383	69.153
2383.5	69.09331
2384	69.03358
2384.5	68.9736
2385	68.91362
2385.5	68.85345
2386	68.79318
2386.5	68.73284
2387	68.67229
2387.5	68.61174
2388	68.55094
2388.5	68.49011
2389	68.42913
2389.5	68.36801
2390	68.30687
2390.5	68.24546
2391	68.18406
2391.5	68.12246
2392	68.06076
2392.5	67.99898
2393	67.937
2393.5	67.87501
2394	67.81278
2394.5	67.7505
2395	67.68809
2395.5	67.62552
2396	67.56294
2396.5	67.50008
2397	67.43722
2397.5	67.37417
2398	67.31102
2398.5	67.24779
2399	67.18434
2399.5	67.1209
2400	67.0572
2400.5	66.99346
2401	66.92958
2401.5	66.86555
2402	66.8015
2402.5	66.73716
2403	66.67283
2403.5	66.6083
2404	66.54367
2404.5	66.47896
2405	66.41403
2405.5	66.3491
2406	66.28392
2406.5	66.21869
2407	66.15332
2407.5	66.08779
2408	66.02225
2408.5	65.95642
2409	65.89058
2409.5	65.82456
2410	65.75842
2410.5	65.69221
2411	65.62577
2411.5	65.55933
2412	65.49264
2412.5	65.42589
2413	65.35902
2413.5	65.29197
2414	65.22491
2414.5	65.15755
2415	65.09019
2415.5	65.02264
2416	64.95498
2416.5	64.88725
2417	64.81927
2417.5	64.75129
2418	64.68307
2418.5	64.61478
2419	64.54637
2419.5	64.47777
2420	64.40918
2420.5	64.34027
2421	64.27136
2421.5	64.20227
2422	64.13304
2422.5	64.06376
2423	63.99423
2423.5	63.92469
2424	63.85491
2424.5	63.78506
2425	63.71509
2425.5	63.64492
2426	63.57475
2426.5	63.50428
2427	63.43379
2427.5	63.36313
2428	63.29232
2428.5	63.22147
2429	63.15035
2429.5	63.07923
2430	63.00786
2430.5	62.93642
2431	62.86486
2431.5	62.7931
2432	62.72134
2432.5	62.64927
2433	62.57718
2433.5	62.50492
2434	62.43251
2434.5	62.36005
2435	62.28732
2435.5	62.21459
2436	62.14162
2436.5	62.06856
2437	61.99539
2437.5	61.92201
2438	61.84863
2438.5	61.77494
2439	61.70123
2439.5	61.62734
2440	61.55331
2440.5	61.47922
2441	61.40486
2441.5	61.33049
2442	61.25588
2442.5	61.18118
2443	61.10638
2443.5	61.03135
2444	60.95632
2444.5	60.88099
2445	60.80563
2445.5	60.73009
2446	60.6544
2446.5	60.57866
2447	60.50264
2447.5	60.42661
2448	60.35034
2448.5	60.27398
2449	60.19751
2449.5	60.12081
2450	60.04411
2450.5	59.9671
2451	59.89007
2451.5	59.81286
2452	59.73548
2452.5	59.65807
2453	59.58036
2453.5	59.50264
2454	59.42469
2454.5	59.34663
2455	59.26847
2455.5	59.19008
2456	59.11168
2456.5	59.03298
2457	58.95424
2457.5	58.87533
2458	58.79624
2458.5	58.71713
2459	58.6377
2459.5	58.55827
2460	58.47861
2460.5	58.39883
2461	58.31896
2461.5	58.23884
2462	58.15872
2462.5	58.07829
2463	57.99782
2463.5	57.91719
2464	57.83637
2464.5	57.75553
2465	57.67436
2465.5	57.59319
2466	57.51179
2466.5	57.43027
2467	57.34866
2467.5	57.26679
2468	57.18491
2468.5	57.10274
2469	57.02051
2469.5	56.93813
2470	56.85555
2470.5	56.77295
2471	56.69001
2471.5	56.60708
2472	56.52391
2472.5	56.44062
2473	56.35724
2473.5	56.27359
2474	56.18994
2474.5	56.10599
2475	56.02199
2475.5	55.93782
2476	55.85345
2476.5	55.76907
2477	55.68435
2477.5	55.59962
2478	55.51466
2478.5	55.42957
2479	55.3444
2479.5	55.25894
2480	55.17349
2480.5	55.08774
2481	55.00192
2481.5	54.91595
2482	54.82977
2482.5	54.74358
2483	54.65703
2483.5	54.57048
2484	54.48371
2484.5	54.39679
2485	54.3098
2485.5	54.22252
2486	54.13523
2486.5	54.04765
2487	53.96
2487.5	53.87219
2488	53.78417
2488.5	53.69615
2489	53.60775
2489.5	53.51935
2490	53.43074
2490.5	53.34197
2491	53.25313
2491.5	53.16398
2492	53.07484
2492.5	52.9854
2493	52.89589
2493.5	52.80622
2494	52.71633
2494.5	52.62644
2495	52.53617
2495.5	52.4459
2496	52.35541
2496.5	52.26476
2497	52.17405
2497.5	52.08302
2498	51.99199
2498.5	51.90067
2499	51.80926
2499.5	51.71771
2500	51.62592
2500.5	51.53413
2501	51.44197
2501.5	51.3498
2502	51.25741
2502.5	51.16485
2503	51.07224
2503.5	50.97929
2504	50.88635
2504.5	50.79312
2505	50.69979
2505.5	50.60633
2506	50.51261
2506.5	50.4189
2507	50.32482
2507.5	50.23071
2508	50.1364
2508.5	50.04191
2509	49.94736
2509.5	49.85247
2510	49.75759
2510.5	49.66242
2511	49.56715
2511.5	49.47174
2512	49.37607
2512.5	49.2804
2513	49.18437
2513.5	49.08831
2514	48.99204
2514.5	48.89558
2515	48.79908
2515.5	48.70223
2516	48.60537
2516.5	48.50823
2517	48.41098
2517.5	48.31361
2518	48.21596
2518.5	48.11831
2519	48.0203
2519.5	47.92225
2520	47.824
2520.5	47.72555
2521	47.62706
2521.5	47.52821
2522	47.42936
2522.5	47.33023
2523	47.23097
2523.5	47.1316
2524	47.03194
2524.5	46.93228
2525	46.83226
2525.5	46.7322
2526	46.63194
2526.5	46.53147
2527	46.43096
2527.5	46.33009
2528	46.22921
2528.5	46.12805
2529	46.02677
2529.5	45.92537
2530	45.82367
2530.5	45.72198
2531	45.61992
2531.5	45.51782
2532	45.41551
2532.5	45.313
2533	45.21045
2533.5	45.10752
2534	45.00459
2534.5	44.90138
2535	44.79803
2535.5	44.69458
2536	44.59081
2536.5	44.48705
2537	44.38293
2537.5	44.27875
2538	44.17438
2538.5	44.06979
2539	43.96517
2539.5	43.86015
2540	43.75514
2540.5	43.64985
2541	43.54441
2541.5	43.43887
2542	43.33302
2542.5	43.22716
2543	43.12095
2543.5	43.01467
2544	42.9082
2544.5	42.8015
2545	42.69478
2545.5	42.58765
2546	42.48052
2546.5	42.37312
2547	42.26557
2547.5	42.15792
2548	42.04993
2548.5	41.94195
2549	41.83362
2549.5	41.72521
2550	41.61661
2550.5	41.50778
2551	41.39893
2551.5	41.28966
2552	41.18039
2552.5	41.07085
2553	40.96115
2553.5	40.85135
2554	40.74122
2554.5	40.63108
2555	40.52059
2555.5	40.41002
2556	40.29928
2556.5	40.18827
2557	40.07726
2557.5	39.96582
2558	39.85438
2558.5	39.74267
2559	39.63079
2559.5	39.51883
2560	39.40651
2560.5	39.29419
2561	39.18152
2561.5	39.06876
2562	38.95583
2562.5	38.84263
2563	38.72943
2563.5	38.61579
2564	38.50214
2564.5	38.38824
2565	38.27415
2565.5	38.15999
2566	38.04545
2566.5	37.93092
2567	37.81604
2567.5	37.70106
2568	37.58592
2568.5	37.47049
2569	37.35506
2569.5	37.2392
2570	37.12333
2570.5	37.0072
2571	36.89087
2571.5	36.77447
2572	36.6577
2572.5	36.54092
2573	36.4238
2573.5	36.30657
2574	36.18918
2574.5	36.0715
2575	35.95382
2575.5	35.8357
2576	35.71757
2576.5	35.59918
2577	35.48059
2577.5	35.36193
2578	35.24288
2578.5	35.12383
2579	35.00444
2579.5	34.88493
2580	34.76526
2580.5	34.6453
2581	34.52533
2581.5	34.40493
2582	34.2845
2582.5	34.16383
2583	34.04294
2583.5	33.92198
2584	33.80063
2584.5	33.67928
2585	33.55759
2585.5	33.43577
2586	33.3138
2586.5	33.19151
2587	33.06923
2587.5	32.94652
2588	32.82377
2588.5	32.70077
2589	32.57755
2589.5	32.45428
2590	32.33059
2590.5	32.2069
2591	32.08288
2591.5	31.95872
2592	31.83442
2592.5	31.70979
2593	31.58516
2593.5	31.4601
2594	31.33499
2594.5	31.20965
2595	31.08407
2595.5	30.95845
2596	30.83239
2596.5	30.70634
2597	30.57996
2597.5	30.45342
2598	30.32675
2598.5	30.19975
2599	30.07274
2599.5	29.9453
2600	29.81781
2600.5	29.69009
2601	29.56212
2601.5	29.43412
2602	29.30567
2602.5	29.17721
2603	29.04844
2603.5	28.9195
2604	28.79044
2604.5	28.66102
2605	28.5316
2605.5	28.40176
2606	28.27186
2606.5	28.14173
2607	28.01134
2607.5	27.88091
2608	27.75004
2608.5	27.61916
2609	27.48795
2609.5	27.35659
2610	27.22509
2610.5	27.09323
2611	26.96138
2611.5	26.8291
2612	26.69675
2612.5	26.56417
2613	26.43133
2613.5	26.29846
2614	26.16513
2614.5	26.03179
2615	25.89813
2615.5	25.7643
2616	25.63035
2616.5	25.49601
2617	25.36168
2617.5	25.22694
2618	25.09211
2618.5	24.95706
2619	24.82173
2619.5	24.68639
2620	24.55056
2620.5	24.41473
2621	24.27859
2621.5	24.14226
2622	24.00582
2622.5	23.86898
2623	23.73215
2623.5	23.5949
2624	23.45756
2624.5	23.32001
2625	23.18216
2625.5	23.04431
2626	22.90596
2626.5	22.76761
2627	22.62895
2627.5	22.49009
2628	22.35112
2628.5	22.21175
2629	22.07238
2629.5	21.9326
2630	21.79272
2630.5	21.65263
2631	21.51224
2631.5	21.37185
2632	21.23094
2632.5	21.09004
2633	20.94882
2633.5	20.8074
2634	20.66588
2634.5	20.52394
2635	20.38201
2635.5	20.23966
2636	20.09721
2636.5	19.95455
2637	19.81158
2637.5	19.6686
2638	19.52512
2638.5	19.38163
2639	19.23783
2639.5	19.09382
2640	18.94971
2640.5	18.80517
2641	18.66063
2641.5	18.51569
2642	18.37063
2642.5	18.22538
2643	18.07979
2643.5	17.9342
2644	17.78811
2644.5	17.64199
2645	17.49558
2645.5	17.34894
2646	17.20222
2646.5	17.05505
2647	16.90788
2647.5	16.76031
2648	16.6126
2648.5	16.46472
2649	16.31648
2649.5	16.16825
2650	16.01951
2650.5	15.87075
2651	15.72169
2651.5	15.57239
2652	15.42302
2652.5	15.27318
2653	15.12334
2653.5	14.97311
2654	14.82274
2654.5	14.67218
2655	14.52127
2655.5	14.37036
2656	14.21895
2656.5	14.06749
2657	13.91576
2657.5	13.76377
2658	13.61171
2658.5	13.45917
2659	13.30664
2659.5	13.15371
2660	13.00063
2660.5	12.84738
2661	12.69376
2661.5	12.54013
2662	12.38601
2662.5	12.23184
2663	12.07739
2663.5	11.92267
2664	11.7679
2664.5	11.61263
2665	11.45736
2665.5	11.30171
2666	11.14589
2666.5	10.98991
2667	10.83354
2667.5	10.67717
2668	10.52031
2668.5	10.36339
2669	10.20619
2669.5	10.04872
2670	9.89119
2670.5	9.73316
2671	9.57513
2671.5	9.41671
2672	9.25812
2672.5	9.09938
2673	8.94023
2673.5	8.78108
2674	8.62144
2674.5	8.46173
2675	8.30176
2675.5	8.14149
2676	7.98119
2676.5	7.82035
2677	7.65952
2677.5	7.49832
2678	7.33692
2678.5	7.17538
2679	7.01342
2679.5	6.85146
2680	6.68901
2680.5	6.52648
2681	6.3637
2681.5	6.2006
2682	6.03748
2682.5	5.87381
2683	5.71015
2683.5	5.54611
2684	5.38188
2684.5	5.2175
2685	5.0527
2685.5	4.88789
2686	4.7226
2686.5	4.55722
2687	4.39159
2687.5	4.22564
2688	4.05966
2688.5	3.89313
2689	3.7266
2689.5	3.5597
2690	3.3926
2690.5	3.22536
2691	3.05767
2691.5	2.88998
2692	2.72182
2692.5	2.55355
2693	2.38504
2693.5	2.21619
2694	2.04733
2694.5	1.8779
2695	1.70847
2695.5	1.53867
2696	1.36866
2696.5	1.19852
2697	1.02792
2697.5	0.85732
2698	0.68624
2698.5	0.51505
2699	0.34363
2699.5	0.17185
2700	7.07923E-5