1	43.0368
1.5	43.10424
2	43.17079
2.5	43.23844
3	43.30619
3.5	43.37305
4	43.44102
4.5	43.50809
5	43.57626
5.5	43.64354
6	43.71193
6.5	43.77942
7	43.84802
7.5	43.91572
8	43.98453
8.5	44.05244
9	44.12147
9.5	44.18959
10	44.25884
10.5	44.32819
11	44.39663
11.5	44.4662
12	44.53485
12.5	44.60464
13	44.6735
13.5	44.7435
14	44.81259
14.5	44.88281
15	44.9521
15.5	45.02254
16	45.09205
16.5	45.16271
17	45.23244
17.5	45.30332
18	45.37326
18.5	45.44436
19	45.51557
19.5	45.58584
20	45.65728
20.5	45.72777
21	45.79942
21.5	45.87013
22	45.94201
22.5	46.01294
23	46.08504
23.5	46.1562
24	46.22852
24.5	46.29989
25	46.37245
25.5	46.44404
26	46.51682
26.5	46.58971
27	46.66164
27.5	46.73476
28	46.80691
28.5	46.88026
29	46.95264
29.5	47.02621
30	47.09882
30.5	47.17262
31	47.24545
31.5	47.31948
32	47.39254
32.5	47.4668
33	47.54009
33.5	47.61458
34	47.6892
34.5	47.76282
35	47.83767
35.5	47.91153
36	47.9866
36.5	48.06069
37	48.136
37.5	48.21032
38	48.28586
38.5	48.36041
39	48.43619
39.5	48.51097
40	48.58699
40.5	48.66201
41	48.73826
41.5	48.81351
42	48.89
42.5	48.96661
43	49.04221
43.5	49.11905
44	49.19489
44.5	49.27198
45	49.34805
45.5	49.42538
46	49.50169
46.5	49.57926
47	49.6558
47.5	49.73361
48	49.8104
48.5	49.88845
49	49.96547
49.5	50.0437750	50.12219
50.5	50.19957
51	50.27823
51.5	50.35586
52	50.43476
52.5	50.51263
53	50.59178
53.5	50.66989
54	50.74929
54.5	50.82765
55	50.90729
55.5	50.98589
56	51.06578
56.5	51.14463
57	51.22477
57.5	51.30386
58	51.38425
58.5	51.46477
59	51.54422
59.5	51.62499
60	51.7047
60.5	51.78572
61	51.86567
61.5	51.94694
62	52.02715
62.5	52.10867
63	52.18912
63.5	52.2709
64	52.3516
64.5	52.43364
65	52.51459
65.5	52.59688
66	52.6793
66.5	52.76063
67	52.84331
67.5	52.92489
68	53.00783
68.5	53.08967
69	53.17286
69.5	53.25495
70	53.3384
70.5	53.42075
71	53.50446
71.5	53.58707
72	53.67104
72.5	53.7539
73	53.83813
73.5	53.9225
74	54.00575
74.5	54.09038
75	54.17389
75.5	54.25878
76	54.34255
76.5	54.4277
77	54.51173
77.5	54.59715
78	54.68145
78.5	54.76713
79	54.85169
79.5	54.93764
80	55.02246
80.5	55.10868
81	55.19376
81.5	55.28025
82	55.36687
82.5	55.45236
83	55.53925
83.5	55.625
84	55.71216
84.5	55.79818
85	55.88561
85.5	55.97189
86	56.0596
86.5	56.14615
87	56.23413
87.5	56.32095
88	56.40921
88.5	56.4963
89	56.58483
89.5	56.6735
90	56.761
90.5	56.84994
91	56.93771
91.5	57.02693
92	57.11498
92.5	57.20447
93	57.29279
93.5	57.38257
94	57.47116
94.5	57.56122
95	57.65009
95.5	57.74043
96	57.82957
96.5	57.92019
97	58.00962
97.5	58.10052
98	58.19156
98.5	58.2814
99	58.37273
99.5	58.46285
100	58.55446
100.5	58.64487
101	58.73676
101.5	58.82745
102	58.91963
102.5	59.0106
103	59.10306
103.5	59.19432
104	59.28707
104.5	59.37861
105	59.47165
105.5	59.56484
106	59.65681
106.5	59.75029
107	59.84254
107.5	59.93631
108	60.02885
108.5	60.12291
109	60.21574
109.5	60.31009
110	60.40321
110.5	60.49786
111	60.59126
111.5	60.68621
112	60.7799
112.5	60.87514
113	60.97053
113.5	61.06467
114	61.16036
114.5	61.25478
115	61.35077
115.5	61.44549
116	61.54177
116.5	61.63679
117	61.73337
117.5	61.82868
118	61.92557
118.5	62.02118
119	62.11836
119.5	62.21427
120	62.31176
120.5	62.40796
121	62.50575
121.5	62.6037
122	62.70036
122.5	62.79861
123	62.89556
123.5	62.99412
124	63.09138
124.5	63.19024
125	63.2878
125.5	63.38697
126	63.48484
126.5	63.58432
127	63.68248
127.5	63.78227
128	63.88075
128.5	63.98085
129	64.08111
129.5	64.18004
130	64.28061
130.5	64.37986
131	64.48074
131.5	64.58029
132	64.68149
132.5	64.78135
133	64.88286
133.5	64.98304
134	65.08486
134.5	65.18535
135	65.28749
135.5	65.38829
136	65.49076
136.5	65.59187
137	65.69465
137.5	65.79759
138	65.89918
138.5	66.00244
139	66.10434
139.5	66.20793
140	66.31015
140.5	66.41406
141	66.51659
141.5	66.62082
142	66.72368
142.5	66.82824
143	66.93141
143.5	67.03629
144	67.13979
144.5	67.245
145	67.35037
145.5	67.45436
146	67.56006
146.5	67.66436
147	67.77039
147.5	67.87502
148	67.98138
148.5	68.08634
149	68.19303
149.5	68.29832
150	68.40534
150.5	68.51095
151	68.61831
151.5	68.72425
152	68.83194
152.5	68.9398
153	69.04623
153.5	69.15443
154	69.2612
154.5	69.36973
155	69.47683
155.5	69.5857
156	69.69313
156.5	69.80234
157	69.91011
157.5	70.01966
158	70.12777
158.5	70.23765
159	70.3461
159.5	70.45633
160	70.56511
160.5	70.67568
161	70.78643
161.5	70.89572
162	71.00681
162.5	71.11644
163	71.22788
163.5	71.33785
164	71.44963
164.5	71.55995
165	71.67208
165.5	71.78273
166	71.89522
166.5	72.00622
167	72.11905
167.5	72.2304
168	72.34358
168.5	72.45694
169	72.56881
169.5	72.68252
170	72.79474
170.5	72.90881
171	73.02137
171.5	73.1358
172	73.24871
172.5	73.36349
173	73.47676
173.5	73.5919
174	73.70552
174.5	73.82101
175	73.93499
175.5	74.05084
176	74.16517
176.5	74.28139
177	74.39778
177.5	74.51265
178	74.62941
178.5	74.74463
179	74.86175
179.5	74.97734
180	75.09482
180.5	75.21076
181	75.32862
181.5	75.44492
182	75.56314
182.5	75.6798
183	75.79839
183.5	75.91542
184	76.03438
184.5	76.15352
185	76.2711
185.5	76.39061
186	76.50856
186.5	76.62844
187	76.74675
187.5	76.86701
188	76.98569
188.5	77.10632
189	77.22537
189.5	77.34638
190	77.4658
190.5	77.58719
191	77.70697
191.5	77.82874
192	77.9507
192.5	78.07105
193	78.19338
193.5	78.31411
194	78.43682
194.5	78.55792
195	78.68102
195.5	78.8025
196	78.92598
196.5	79.04784
197	79.17171
197.5	79.29394
198	79.41819
198.5	79.54081
199	79.66545
199.5	79.78844
200	79.91347
200.5	80.0387
201	80.04238
201.5	80.0387
202	80.15489
202.5	80.33781
203	80.36927
203.5	80.41739
204	80.53784
204.5	80.52857
205	80.74581
205.5	80.74581
206	80.89841
206.5	80.9972
207	81.16523
207.5	81.37856
208	81.4498
208.5	81.69209
209	81.82387
209.5	81.94265
210	82.2432
210.5	82.39484
211	82.55056
211.5	82.758
212	82.96024
212.5	83.13425
213	83.31439
213.5	83.61227
214	83.71437
214.5	84.08528
215	84.21898
215.5	84.4734
216	84.66424
216.5	84.88286
217	85.1334
217.5	85.32769
218	85.55985
218.5	85.83413
219	86.02209
219.5	86.28991
220	86.48883
220.5	86.67623
221	86.85404
221.5	87.10037
222	87.31925
222.5	87.50845
223	87.67182
223.5	87.84762
224	88.05216
224.5	88.16983
225	88.33036
225.5	88.50137
226	88.66046
226.5	88.80757
227	88.91806
227.5	89.04509
228	89.15999
228.5	89.26475
229	89.34906
229.5	89.52205
230	89.57772
230.5	89.70363
231	89.73255
231.5	89.85247
232	89.85247
232.5	89.96219
233	90.01813
233.5	90.06374
234	90.09486
234.5	90.14466
235	90.25474
235.5	90.2485
236	90.29839
236.5	90.25889
237	90.25889
237.5	90.34622
238	90.2776
238.5	90.35662
239	90.40449
239.5	90.35038
240	90.45655
240.5	90.38368
241	90.37743
241.5	90.38576
242	90.43156
242.5	90.35454
243	90.40033
243.5	90.34414
244	90.38576
244.5	90.40033
245	90.40033
245.5	90.34622
246	90.38368
246.5	90.40657
247	90.43988
247.5	90.40865
248	90.46696
248.5	90.44405
249	90.50446
249.5	90.50863
250	90.50446
250.5	90.57535
251	90.6442
251.5	90.67968
252	90.71728
252.5	90.7319
253	90.83851
253.5	90.88244
254	90.91803
254.5	91.01438
255	91.04582
255.5	91.06888
256	91.18429
256.5	91.23679
257	91.2578
257.5	91.33348
258	91.3987
258.5	91.3461
259	91.72971
259.5	91.24309
260	91.80366
260.5	91.60095
261	91.55878
261.5	92.14887
262	91.26621
262.5	92.36767
263	92.04496
263.5	91.73182
264	92.23803
264.5	91.8671
265	92.05767
265.5	92.09372
266	92.12129
266.5	92.15523
267	92.19131
267.5	92.22953
268	92.21467
268.5	92.25502
269	92.31027
269.5	92.25927
270	92.34641
270.5	92.38682
271	92.34641
271.5	92.3698
272	92.43576
272.5	92.41447
273	92.41022
273.5	92.45066
274	92.41022
274.5	92.4464
275	92.42937
275.5	92.45491
276	92.48259
276.5	92.45704
277	92.54224
277.5	92.47408
278	92.52306
278.5	92.61045
279	92.30814
279.5	92.60832
280	92.56355
280.5	92.5806
281	92.60619
281.5	92.56781
282	92.57421
282.5	92.59766
283	92.56994
283.5	92.57847
284	92.59979
284.5	92.60192
285	92.63604
285.5	92.65098
286	92.60832
286.5	92.61685
287	92.68085
287.5	92.65098
288	92.73208
288.5	92.56994
289	92.71073
289.5	92.83677
290	92.50602
290.5	92.76411
291	92.61685
291.5	92.8945
292	92.50602
292.5	92.73208
293	92.74489
293.5	92.7086
294	92.74703
294.5	92.73422
295	92.75771
295.5	92.73635
296	92.76411
296.5	92.81325
297	92.78548
297.5	92.81112
298	92.8218
298.5	92.8389
299	92.77479
299.5	92.81967
300	92.81753
300.5	92.79402
301	92.8218
301.5	92.76411
302	92.8945
302.5	92.78761
303	92.89878
303.5	92.8945
304	92.88167
304.5	92.88167
305	92.95655
305.5	92.95013
306	92.86028
306.5	92.95869
307	93.02507
307.5	92.93729
308	93.01436
308.5	92.94371
309	92.89878
309.5	92.97368
310	93.01222
310.5	93.01864
311	92.94585
311.5	93.03149
312	92.96939
312.5	93.01864
313	92.99294
313.5	92.99294
314	93.04221
314.5	93.00365
315	93.08721
315.5	93.08935
316	93.05506
316.5	93.04006
317	93.04435
317.5	93.06149
318	93.01008
318.5	93.0722
319	93.04221
319.5	93.0572
320	93.08078
320.5	93.13437
321	93.05078
321.5	93.17727
322	93.10436
322.5	93.08078
323	93.16011
323.5	93.08506
324	93.23522
324.5	93.1258
325	93.13866
325.5	93.08292
326	93.188
326.5	93.11293
327	93.10221
327.5	93.10221
328	93.19229
328.5	93.11722
329	93.12151
329.5	93.18586
330	93.12365
330.5	93.12794
331	93.17727
331.5	93.1258
332	93.19659
332.5	93.14939
333	93.20302
333.5	93.24595
334	93.13009
334.5	93.17513
335	93.39422
335.5	93.22663
336	93.17727
336.5	93.25669
337	93.20732
337.5	93.28891
338	93.24381
338.5	93.2524
339	93.25454
339.5	93.3018
340	93.21161
340.5	93.28891
341	93.2159
341.5	93.2932
342	93.30824
342.5	93.21375
343	93.45876
343.5	93.28246
344	93.21161
344.5	93.40927
345	93.13866
345.5	93.2932
346	93.35337
346.5	93.13223
347	93.37272
347.5	93.27172
348	93.27172
348.5	93.56857
349	93.14295
349.5	93.25454
350	93.22663
350.5	93.67636
351	93.77347
351.5	93.7562
352	93.76915
352.5	93.36842
353	93.20946
353.5	93.46952
354	93.2975
354.5	93.5578
355	93.34692
355.5	93.73246
356	93.35552
356.5	93.54703
357	93.47597
357.5	93.47167
358	93.24595
358.5	93.63754
359	93.71303
359.5	93.89879
360	93.51042
360.5	93.41573
361	93.75188
361.5	93.59012
362	93.68714
362.5	93.63754
363	93.48028
363.5	93.52765
364	93.58796
364.5	93.81451
365	93.61167
365.5	93.71735
366	93.50611
366.5	93.44154
367	93.46952
367.5	93.75188
368	93.65048
368.5	93.65695
369	93.60736
369.5	93.55565
370	93.69146
370.5	93.79939
371	93.7303
371.5	93.53626
372	93.65695
372.5	93.73462
373	93.4975
373.5	93.59874
374	93.61598
374.5	93.72598
375	93.6893
375.5	93.66989
376	93.74541
376.5	93.73246
377	93.64401
377.5	93.79507
378	93.53626
378.5	93.6742
379	93.70225
379.5	93.72382
380	93.70009
380.5	93.72167
381	93.68283
381.5	93.86853
382	93.72382
382.5	93.6742
383	93.7562
383.5	93.69146
384	93.72382
384.5	93.93339
385	93.84691
385.5	93.74757
386	93.77779
386.5	93.79939
387	94.01345
387.5	93.71951
388	93.60952
388.5	93.73246
389	93.8923
389.5	93.83611
390	93.64401
390.5	93.75188
391	93.81019
391.5	93.71735
392	93.92907
392.5	93.6742
393	93.69146
393.5	93.66557
394	93.68499
394.5	93.65695
395	93.92474
395.5	93.60521
396	93.94853
396.5	93.82099
397	93.85124
397.5	93.91609
398	94.01562
398.5	93.70009
399	93.62029
399.5	93.69362
400	93.87501
400.5	93.85988
401	93.90312
401.5	93.90528
402	93.81235
402.5	93.81667
403	93.82747
403.5	93.81883
404	93.76052
404.5	93.90744
405	93.71951
405.5	93.72167
406	93.89663
406.5	93.98531
407	93.87069
407.5	93.6893
408	93.79075
408.5	93.78859
409	93.81019
409.5	93.69793
410	93.88366
410.5	93.70656
411	93.78427
411.5	93.78427
412	93.83179
412.5	93.85772
413	93.80155
413.5	93.84475
414	93.92041
414.5	93.79939
415	93.84908
415.5	93.80803
416	93.81451
416.5	93.83827
417	93.84043
417.5	93.81235
418	93.87285
418.5	93.78643
419	93.83395
419.5	93.84908
420	93.79723
420.5	93.93772
421	93.87285
421.5	93.9507
422	93.98964
422.5	93.92041
423	93.97233
423.5	93.97666
424	93.79723
424.5	93.76484
425	93.82315
425.5	93.72382
426	93.76052
426.5	93.97233
427	93.92041
427.5	93.89447
428	93.93772
428.5	93.88798
429	93.94853
429.5	93.95286
430	93.90744
430.5	93.80803
431	93.79291
431.5	93.9269
432	93.89663
432.5	94.01345
433	93.89879
433.5	93.9096
434	93.8642
434.5	93.94637
435	93.91393
435.5	93.97666
436	93.92907
436.5	93.94853
437	93.94204
437.5	93.96584
438	93.87069
438.5	93.89447
439	93.89663
439.5	93.97666
440	93.87501
440.5	93.89663
441	94.00263
441.5	93.83827
442	93.9269
442.5	93.93772
443	93.93123
443.5	93.98099
444	93.93772
444.5	93.968
445	93.94853
445.5	93.89879
446	93.9507
446.5	93.96368
447	93.9269
447.5	93.93555
448	93.82963
448.5	93.85556
449	93.86853
449.5	93.93339
450	93.94204
450.5	93.99397
451	93.89663
451.5	93.94204
452	93.97666
452.5	93.94637
453	93.93772
453.5	93.96151
454	93.92258
454.5	93.91393
455	93.98531
455.5	94.02644
456	93.90744
456.5	93.8642
457	94.01129
457.5	93.91825
458	93.968
458.5	93.98099
459	94.00696
459.5	93.98099
460	94.01129
460.5	94.00046
461	93.98964
461.5	93.97449
462	93.93772
462.5	93.95502
463	94.03294
463.5	94.05459
464	93.91176
464.5	93.94637
465	94.01345
465.5	93.91176
466	93.96368
466.5	93.98099
467	93.93988
467.5	93.9983
468	94.05026
468.5	93.968
469	94.01778
469.5	93.98748
470	94.06325
470.5	93.93123
471	93.90312
471.5	94.02428
472	94.07408
472.5	94.01995
473	94.00479
473.5	94.07625
474	94.04809
474.5	94.00046
475	93.95719
475.5	94.03727
476	94.07625
476.5	94.01345
477	94.02644
477.5	93.95719
478	94.00046
478.5	93.95719
479	94.08492
479.5	94.00696
480	93.98315
480.5	93.93123
481	94.02644
481.5	93.96151
482	94.02861
482.5	93.90095
483	93.96368
483.5	94.00046
484	93.88582
484.5	93.95286
485	94.06759
485.5	93.97449
486	93.96368
486.5	94.02861
487	93.92258
487.5	94.03077
488	94.09575
488.5	94.06542
489	94.03727
489.5	94.05459
490	93.98099
490.5	94.09358
491	94.00263
491.5	94.07192
492	94.03294
492.5	94.01129
493	94.11092
493.5	93.89663
494	93.99614
494.5	94.03294
495	94.00912
495.5	94.04376
496	93.94637
496.5	94.07408
497	94.06759
497.5	94.00263
498	94.05026
498.5	94.01345
499	94.08708
499.5	94.03943
500	94.02211
500.5	94.11958
501	94.02211
501.5	94.04376
502	94.00263
502.5	94.08708
503	94.03727
503.5	93.94853
504	94.03727
504.5	93.99181
505	94.00696
505.5	94.06759
506	94.01345
506.5	93.98748
507	93.95935
507.5	93.96151
508	94.05892
508.5	94.07625
509	93.97882
509.5	94.06325
510	94.07408
510.5	94.22584
511	93.99397
511.5	94.09791
512	94.04809
512.5	94.10008
513	94.06325
513.5	94.06542
514	93.94853
514.5	94.13042
515	94.16294
515.5	93.97449
516	94.13909
516.5	94.00479
517	94.01995
517.5	94.10875
518	94.10658
518.5	94.08492
519	94.04376
519.5	94.1586
520	94.01778
520.5	94.06975
521	94.10225
521.5	94.07408
522	94.00696
522.5	94.1933
523	94.05026
523.5	94.12392
524	94.07192
524.5	94.06325
525	94.07408
525.5	94.09791
526	94.07408
526.5	94.03943
527	94.16077
527.5	94.08492
528	94.07192
528.5	94.03294
529	94.08492
529.5	94.08708
530	94.08492
530.5	93.95719
531	94.05676
531.5	94.06759
532	94.07192
532.5	94.06109
533	94.05459
533.5	94.12392
534	94.12175
534.5	94.14343
535	94.02644
535.5	94.15643
536	94.16511
536.5	94.06542
537	94.07408
537.5	94.14993
538	94.10225
538.5	94.03943
539	94.10008
539.5	94.14126
540	94.10875
540.5	94.08275
541	94.08492
541.5	94.06325
542	94.10442
542.5	94.05892
543	94.01345
543.5	93.97233
544	94.03727
544.5	94.13692
545	94.11092
545.5	94.07842
546	94.09575
546.5	93.95286
547	94.13042
547.5	94.07625
548	94.11958
548.5	94.07625
549	94.11092
549.5	94.11308
550	94.10875
550.5	94.05892
551	94.09358
551.5	94.1521
552	94.1998
552.5	94.16077
553	94.09142
553.5	94.13042
554	94.11958
554.5	94.16727
555	94.10225
555.5	94.17161
556	94.13476
556.5	94.18245
557	94.05026
557.5	94.1521
558	94.18462
558.5	94.16727
559	94.13909
559.5	94.08492
560	94.14126
560.5	94.12609
561	94.02211
561.5	94.12175
562	94.16077
562.5	94.14126
563	94.20848
563.5	94.16294
564	94.14343
564.5	94.10225
565	94.09575
565.5	94.13259
566	94.23885
566.5	94.16727
567	94.12392
567.5	94.15643
568	94.14993
568.5	94.10442
569	94.07408
569.5	94.08925
570	94.1933
570.5	94.20197
571	94.02644
571.5	94.09142
572	94.34741
572.5	94.14343
573	94.23235
573.5	94.1998
574	94.26273
574.5	94.03294
575	94.25405
575.5	94.25839
576	94.16294
576.5	94.15643
577	94.17161
577.5	94.16511
578	94.19764
578.5	94.20414
579	94.1998
579.5	94.08925
580	94.12825
580.5	94.14126
581	94.18028
581.5	94.11525
582	94.20414
582.5	94.13476
583	94.18245
583.5	94.27141
584	94.14776
584.5	94.13909
585	94.10008
585.5	94.17161
586	94.22367
586.5	94.24102
587	94.17812
587.5	94.18896
588	94.14993
588.5	94.1586
589	94.25405
589.5	94.20197
590	94.17595
590.5	94.21282
591	94.16944
591.5	94.17378
592	94.14776
592.5	94.21716
593	94.21282
593.5	94.13476
594	94.19764
594.5	94.17595
595	94.25188
595.5	94.21065
596	94.20631
596.5	94.1933
597	94.14559
597.5	94.18896
598	94.27792
598.5	94.24753
599	94.19547
599.5	94.22801
600	94.26924
600.5	94.20848
601	94.21065
601.5	94.29095
602	94.27141
602.5	94.19764
603	94.12825
603.5	94.22584
604	94.1586
604.5	94.12609
605	94.23235
605.5	94.18896
606	94.13259
606.5	94.16944
607	94.21716
607.5	94.08492
608	94.25622
608.5	94.21499
609	94.13259
609.5	94.16944
610	94.1933
610.5	94.16294
611	94.23668
611.5	94.11742
612	94.16511
612.5	94.2215
613	94.12825
613.5	94.18245
614	94.15643
614.5	94.18245
615	94.15643
615.5	94.16727
616	94.17161
616.5	94.14343
617	94.12175
617.5	94.18679
618	94.18028
618.5	94.14343
619	94.17378
619.5	94.18896
620	94.17595
620.5	94.17161
621	94.21065
621.5	94.21933
622	94.14343
622.5	94.19113
623	94.13042
623.5	94.12825
624	94.13476
624.5	94.1521
625	94.16077
625.5	94.18896
626	94.24971
626.5	94.17812
627	94.24319
627.5	94.13909
628	94.17812
628.5	94.16727
629	94.15427
629.5	94.17161
630	94.1998
630.5	94.16294
631	94.14126
631.5	94.21282
632	94.19764
632.5	94.1998
633	94.25188
633.5	94.28009
634	94.22367
634.5	94.22584
635	94.1998
635.5	94.17595
636	94.16511
636.5	94.1521
637	94.23668
637.5	94.19547
638	94.14126
638.5	94.22584
639	94.23452
639.5	94.2649
640	94.24102
640.5	94.23452
641	94.20631
641.5	94.17595
642	94.23452
642.5	94.24102
643	94.25405
643.5	94.18028
644	94.21933
644.5	94.20848
645	94.1998
645.5	94.1998
646	94.23235
646.5	94.16944
647	94.2215
647.5	94.23885
648	94.23668
648.5	94.1933
649	94.21499
649.5	94.21282
650	94.20414
650.5	94.17595
651	94.2649
651.5	94.29312
652	94.20631
652.5	94.26056
653	94.20197
653.5	94.23235
654	94.21065
654.5	94.13259
655	94.20631
655.5	94.21716
656	94.37349
656.5	94.22801
657	94.20197
657.5	94.21933
658	94.18245
658.5	94.20848
659	94.15643
659.5	94.18028
660	94.27575
660.5	94.30615
661	94.27792
661.5	94.17595
662	94.26056
662.5	94.21716
663	94.23885
663.5	94.1933
664	94.23452
664.5	94.1998
665	94.24971
665.5	94.19764
666	94.21716
666.5	94.29746
667	94.22367
667.5	94.24102
668	94.18245
668.5	94.21716
669	94.24971
669.5	94.23452
670	94.26924
670.5	94.23452
671	94.24753
671.5	94.1933
672	94.23885
672.5	94.22584
673	94.24319
673.5	94.17595
674	94.21065
674.5	94.27575
675	94.27141
675.5	94.34524
676	94.29529
676.5	94.21065
677	94.29746
677.5	94.28661
678	94.27358
678.5	94.27575
679	94.23452
679.5	94.20631
680	94.27358
680.5	94.26273
681	94.28443
681.5	94.30615
682	94.17595
682.5	94.317
683	94.21499
683.5	94.25405
684	94.2649
684.5	94.16727
685	94.31266
685.5	94.23235
686	94.25188
686.5	94.28443
687	94.25839
687.5	94.32786
688	94.19547
688.5	94.28226
689	94.19113
689.5	94.23452
690	94.26707
690.5	94.30398
691	94.317
691.5	94.1586
692	94.17812
692.5	94.28661
693	94.26924
693.5	94.22801
694	94.21499
694.5	94.34959
695	94.26707
695.5	94.21499
696	94.24753
696.5	94.1998
697	94.2215
697.5	94.29746
698	94.23452
698.5	94.24102
699	94.34741
699.5	94.317
700	94.24319
700.5	94.26273
701	94.31266
701.5	94.34524
702	94.23018
702.5	94.28443
703	94.23885
703.5	94.27358
704	94.21716
704.5	94.29963
705	94.24536
705.5	94.14126
706	94.28226
706.5	94.26056
707	94.28443
707.5	94.22367
708	94.25839
708.5	94.26273
709	94.32135
709.5	94.31266
710	94.34741
710.5	94.22801
711	94.3409
711.5	94.28009
712	94.19547
712.5	94.22801
713	94.29529
713.5	94.38435
714	94.31266
714.5	94.34307
715	94.39305
715.5	94.42131
716	94.17812
716.5	94.27358
717	94.28443
717.5	94.3018
718	94.28226
718.5	94.2215
719	94.30615
719.5	94.23452
720	94.33004
720.5	94.36479
721	94.25622
721.5	94.3561
722	94.27358
722.5	94.23235
723	94.27141
723.5	94.27141
724	94.30398
724.5	94.2215
725	94.29095
725.5	94.39087
726	94.34959
726.5	94.28661
727	94.36697
727.5	94.23235
728	94.36914
728.5	94.36479
729	94.16077
729.5	94.39522
730	94.23018
730.5	94.25405
731	94.42348
731.5	94.28878
732	94.12175
732.5	94.30832
733	94.20414
733.5	94.28009
734	94.23885
734.5	94.34741
735	94.24102
735.5	94.17595
736	94.16294
736.5	94.34307
737	94.45827
737.5	94.37131
738	94.16727
738.5	94.27358
739	94.46045
739.5	94.13692
740	94.30398
740.5	94.18896
741	94.38653
741.5	94.1521
742	94.18245
742.5	94.14776
743	94.45175
743.5	94.41478
744	94.34741
744.5	94.28226
745	94.26056
745.5	94.25622
746	94.3018
746.5	94.34741
747	94.24536
747.5	94.34741
748	94.26056
748.5	94.18028
749	94.22367
749.5	94.06542
750	94.34741
750.5	94.33655
751	94.35828
751.5	94.29095
752	94.3409
752.5	94.1586
753	94.32786
753.5	94.39305
754	94.24536
754.5	94.40826
755	94.36479
755.5	94.36479
756	94.20414
756.5	94.39087
757	94.29529
757.5	94.37566
758	94.18462
758.5	94.35393
759	94.34959
759.5	94.1933
760	94.27358
760.5	94.25188
761	94.51484
761.5	94.33438
762	94.41261
762.5	94.12609
763	94.09142
763.5	94.48003
764	94.31049
764.5	94.26707
765	94.3018
765.5	94.29095
766	94.19764
766.5	94.32786
767	94.39305
767.5	94.37566
768	94.45392
768.5	94.45392
769	94.25622
769.5	94.42565
770	94.34524
770.5	94.40174
771	94.32569
771.5	94.36914
772	94.46697
772.5	94.36045
773	94.14126
773.5	94.20848
774	94.09358
774.5	94.4474
775	94.36914
775.5	94.29095
776	94.36914
776.5	94.30832
777	94.20197
777.5	94.24319
778	94.41913
778.5	94.40609
779	94.37349
779.5	94.21065
780	94.3018
780.5	94.3018
781	94.23018
781.5	94.3018
782	94.26056
782.5	94.26924
783	94.41044
783.5	94.4474
784	94.48655
784.5	94.317
785	94.22367
785.5	94.49308
786	94.23018
786.5	94.40174
787	94.3887
787.5	94.52137
788	94.16727
788.5	94.35828
789	94.26707
789.5	94.18245
790	94.49743
790.5	94.48003
791	94.32569
791.5	94.29746
792	94.32786
792.5	94.44522
793	94.60193
793.5	94.24319
794	94.29746
794.5	94.41261
795	94.41478
795.5	94.51484
796	94.44522
796.5	94.4474
797	94.50178
797.5	94.38001
798	94.40174
798.5	94.48655
799	94.28009
799.5	94.17378
800	94.19764
800.5	100
801	100
