200	80.03785
201	80.28167
202	80.48394
203	80.79385
204	80.95383
205	81.0629
206	81.30711
207	81.61986
208	81.90894
209	82.19177
210	82.54736
211	82.83926
212	83.14431
213	83.45641
214	83.92212
215	84.2972
216	84.6759
217	85.06545
218	85.5155
219	85.85629
220	86.31933
221	86.73795
222	87.15282
223	87.49831
224	87.8708
225	88.16752
226	88.54157
227	88.72552
228	88.9562
229	89.24226
230	89.38841
231	89.55316
232	89.6934
233	89.85905
234	89.88811
235	89.95131
236	90.07381
237	90.07727
238	90.13636
239	90.13995
240	90.19479
241	90.22214
242	90.18738
243	90.22307
244	90.17912
245	90.16605
246	90.21514
247	90.23972
248	90.2522
249	90.32535
250	90.35853
251	90.45306
252	90.54629
253	90.61787
254	90.71066
255	90.81153
256	90.93042
257	91.0219
258	91.16086
259	91.23053
260	91.41516
261	91.48816
262	91.59112
263	91.70124
264	91.74989
265	91.87233
266	91.92551
267	91.96669
268	92.0363
269	92.10973
270	92.06328
271	92.15309
272	92.21219
273	92.18926
274	92.24516
275	92.19643
276	92.34128
277	92.23633
278	92.28415
279	92.36597
280	92.3055
281	92.33323
282	92.36207
283	92.40265
284	92.3194
285	92.39487
286	92.40859
287	92.47033
288	92.44865
289	92.50177
290	92.45018
291	92.45508
292	92.48567
293	92.5054
294	92.50934
295	92.57129
296	92.53883
297	92.4997
298	92.56892
299	92.57619
300	92.54542
301	92.56107
302	92.57205
303	92.55478
304	92.56515
305	92.61612
306	92.54954
307	92.64704
308	92.65117
309	92.6333
310	92.6712
311	92.68995
312	92.66147
313	92.69023
314	92.71273
315	92.676
316	92.66331
317	92.73841
318	92.7624
319	92.75809
320	92.71894
321	92.62517
322	92.87734
323	92.77466
324	92.7231
325	92.78117
326	92.7079
327	92.73359
328	92.76118
329	92.74075
330	92.7788
331	92.76778
332	92.85213
333	92.78429
334	92.73308
335	92.86467
336	92.91202
337	92.76579
338	92.90919
339	92.8038
340	92.79214
341	92.91445
342	92.78534
343	92.8026
344	92.95612
345	92.72499
346	92.88434
347	93.06554
348	92.4899
349	92.68925
350	92.4899
351	92.95612
352	92.80604
353	92.25715
354	92.59247
355	92.68792
356	92.40605
357	92.75002
358	92.83664
359	92.63936
360	92.6309
361	92.63408
362	92.80049
363	92.71461
364	92.79217
365	92.72135
366	92.57291
367	92.61277
368	93.09332
369	92.68272
370	92.68925
371	92.70997
372	92.7659
373	92.63174
374	92.81305
375	92.84289
376	92.91836
377	92.82435
378	92.86572
379	92.60962
380	92.8007
381	92.82721
382	92.68365
383	92.7779
384	92.75207
385	92.93367
386	92.7064
387	92.83636
388	92.79726
389	92.73917
390	93.01498
391	92.9402
392	92.75776
393	92.86177
394	92.74365
395	92.85045
396	92.72793
397	92.79878
398	92.68186
399	92.77373
400	92.77138
401	92.78294
402	92.81586
403	92.77516
404	92.69078
405	92.87706
406	92.80907
407	92.84662
408	92.79742
409	92.85455
410	92.81753
411	92.78229
412	92.7726
413	92.64053
414	92.84591
415	92.8834
416	92.76115
417	92.90136
418	92.6856
419	92.86259
420	92.76066
421	92.76462
422	92.97495
423	92.88664
424	92.86097
425	92.89979
426	92.78295
427	92.93807
428	93.04101
429	92.84469
430	92.87006
431	92.84876
432	92.94024
433	92.98583
434	92.83228
435	93.06253
436	92.93859
437	93.02247
438	92.96793
439	92.86165
440	92.92103
441	92.84157
442	92.8911
443	92.88946
444	92.94031
445	92.92844
446	92.92504
447	92.92765
448	92.91095
449	93.02155
450	92.97103
451	92.96702
452	92.9808
453	92.86439
454	92.86487
455	92.95035
456	92.95482
457	92.99306
458	93.0745
459	92.93654
460	93.04231
461	93.0249
462	92.91294
463	92.93684
464	92.88834
465	92.86527
466	92.93899
467	92.93738
468	92.9452
469	92.96692
470	92.95509
471	92.98978
472	92.99316
473	92.9784
474	93.03073
475	92.9176
476	92.90948
477	93.00989
478	93.00876
479	92.93143
480	92.98205
481	92.97912
482	92.86973
483	93.03193
484	92.94559
485	92.91759
486	92.97729
487	92.95242
488	93.04808
489	92.958
490	93.073
491	93.04236
492	92.96411
493	92.93816
494	92.9854
495	92.96149
496	92.96426
497	93.06558
498	93.0288
499	92.98389
500	92.99041
501	93.04995
502	92.98324
503	92.96703
504	92.95752
505	93.03196
506	93.00392
507	93.04039
508	92.98721
509	93.02414
510	92.93616
511	93.01815
512	92.97896
513	93.03911
514	93.0489
515	92.9173
516	92.92956
517	93.02444
518	92.925
519	93.01254
520	93.01358
521	92.97956
522	92.99472
523	92.94787
524	93.0531
525	92.99157
526	93.02315
527	92.96577
528	92.94376
529	93.08316
530	92.91231
531	93.08552
532	93.03467
533	93.06161
534	92.96445
535	93.08381
536	93.02373
537	93.00232
538	93.03978
539	93.08226
540	92.96272
541	92.99531
542	93.0301
543	92.97443
544	92.9631
545	93.0282
546	93.01162
547	93.13271
548	93.08029
549	92.99988
550	93.0504
551	93.02141
552	93.07407
553	93.07644
554	92.98723
555	93.0432
556	93.05901
557	92.96626
558	93.07643
559	93.05567
560	93.07409
561	93.14295
562	93.02659
563	92.97283
564	93.05559
565	92.94334
566	92.95666
567	93.02262
568	93.02354
569	93.03093
570	92.93383
571	92.95549
572	92.98046
573	92.95945
574	92.937
575	92.97696
576	92.90879
577	92.96891
578	92.91671
579	93.04117
580	92.98065
581	92.98057
582	92.91602
583	92.87926
584	92.98619
585	92.99144
586	93.1198
587	93.01455
588	93.00268
589	92.95525
590	92.96678
591	93.02379
592	92.90757
593	92.90889
594	92.95495
595	92.9998
596	92.96101
597	93.03882
598	92.96669
599	92.95332
600	92.9833
601	92.99094
602	93.03261
603	93.02975
604	93.06824
605	93.01261
606	93.06415
607	93.07896
608	93.10584
609	93.13428
610	93.1768
611	93.13663
612	93.14963
613	93.16891
614	93.14468
615	93.19382
616	93.11847
617	93.25874
618	93.18086
619	93.22149
620	93.12755
621	93.21351
622	93.15841
623	93.14294
624	93.15764
625	93.21252
626	93.14365
627	93.12035
628	93.21764
629	93.15477
630	93.10551
631	93.15655
632	93.11809
633	93.09608
634	93.13715
635	93.1124
636	93.12697
637	93.14171
638	93.09618
639	93.16147
640	93.12395
641	93.17981
642	93.09128
643	93.10202
644	93.09467
645	93.13839
646	93.19942
647	93.19778
648	93.18343
649	93.18276
650	93.12331
651	93.10316
652	93.16327
653	93.12382
654	93.17773
655	93.14598
656	93.21138
657	93.07116
658	93.24798
659	93.06822
660	93.18993
661	93.1532
662	93.16102
663	93.19026
664	93.16553
665	93.14397
666	93.11271
667	93.22726
668	93.11261
669	93.10024
670	93.16106
671	93.13406
672	93.15377
673	93.12622
674	93.21997
675	93.16167
676	93.14966
677	93.10667
678	93.1752
679	93.13478
680	93.12515
681	93.1124
682	93.24569
683	93.14801
684	93.21174
685	93.13357
686	93.19027
687	93.10902
688	93.11367
689	93.20656
690	93.12493
691	93.17753
692	93.12261
693	93.1278
694	93.08714
695	93.11764
696	93.18054
697	93.08524
698	93.14817
699	93.22699
700	93.17356
701	93.23928
702	93.27698
703	93.17734
704	93.21879
705	93.14912
706	93.24252
707	93.16307
708	93.16713
709	93.19633
710	93.12345
711	93.09821
712	93.15909
713	93.19124
714	93.13486
715	93.06681
716	93.08784
717	93.12591
718	93.13735
719	93.08494
720	93.19395
721	93.04455
722	93.0806
723	93.11173
724	93.11011
725	93.24138
726	93.09334
727	93.19204
728	93.10534
729	93.07899
730	93.18413
731	93.16661
732	93.09452
733	93.09081
734	93.16991
735	93.1318
736	93.10903
737	93.18896
738	93.16991
739	93.14068
740	93.22924
741	93.08361
742	93.13114
743	93.32397
744	93.02222
745	93.06563
746	93.29302
747	93.09788
748	93.23433
749	93.16977
750	93.1567
751	93.24232
752	93.12228
753	93.17068
754	93.2731
755	93.09595
756	93.07286
757	93.14809
758	93.28184
759	93.12248
760	93.10395
761	93.27639
762	93.05803
763	93.28644
764	93.37018
765	93.13998
766	93.22175
767	93.15314
768	93.27615
769	93.25069
770	93.21114
771	93.27508
772	93.14291
773	93.13077
774	93.09795
775	93.16991
776	93.10705
777	93.18806
778	93.12264
779	93.08338
780	93.07888
781	93.22353
782	93.25886
783	93.09247
784	93.03771
785	93.1183
786	92.91602
787	93.15118
788	93.04442
789	93.18937
790	93.09589
791	93.13347
792	93.27777
793	93.13245
794	93.08924
795	93.186
796	93.081
797	93.34228