200	79.91349
200.5	80.03785
201	80.04329
201.5	80.0388
202	80.15521
202.5	80.33727
203	80.36859
203.5	80.41718
204	80.53835
204.5	80.5277
205	80.74602
205.5	80.74592
206	80.89841
206.5	80.9978
207	81.16449
207.5	81.37765
208	81.44922
208.5	81.6926
209	81.82376
209.5	81.94197
210	82.24379
210.5	82.39462
211	82.55131
211.5	82.75875
212	82.96115
212.5	83.13448
213	83.31388
213.5	83.61293
214	83.71434
214.5	84.08473
215	84.21916
215.5	84.47376
216	84.66512
216.5	84.88189
217	85.13412
217.5	85.32698
218	85.56
218.5	85.8351
219	86.02139
219.5	86.28968
220	86.48969
220.5	86.67656
221	86.85411
221.5	87.09958
222	87.31956
222.5	87.50803
223	87.67223
223.5	87.84756
224	88.05244
224.5	88.16945
225	88.33073
225.5	88.50209
226	88.65953
226.5	88.80826
227	88.91709
227.5	89.04556
228	89.15997
228.5	89.26453
229	89.34867
229.5	89.52232
230	89.57726
230.5	89.70448
231	89.73347
231.5	89.85311
232	89.85298
232.5	89.96157
233	90.0184
233.5	90.06319
234	90.09476
234.5	90.14567
235	90.255
235.5	90.24872
236	90.29776
236.5	90.2593
237	90.25793
237.5	90.34525
238	90.27747
238.5	90.35754
239	90.40529
239.5	90.34962
240	90.45747
240.5	90.38371
241	90.37827
241.5	90.3867
242	90.43259
242.5	90.35411
243	90.40058
243.5	90.34502
244	90.38559
244.5	90.39984
245	90.39954
245.5	90.34521
246	90.38291
246.5	90.40562
247	90.44066
247.5	90.40913
248	90.46741
248.5	90.44368
249	90.50492
249.5	90.50816
250	90.50362
250.5	90.57463
251	90.64423
251.5	90.67894
252	90.7168
252.5	90.73288
253	90.83833
253.5	90.88346
254	90.91882
254.5	91.01335
255	91.04676
255.5	91.06883
256	91.18366
256.5	91.2363
257	91.2572
257.5	91.33344
258	91.39939
258.5	91.3461
259	91.7294
259.5	91.24329
260	91.80339
260.5	91.6011
261	91.55824
261.5	92.14943
262	91.26637
262.5	92.36717
263	92.04565
263.5	91.73101
264	92.23852
264.5	91.86615
265	92.05716
265.5	92.0946
266	92.12029
266.5	92.15554
267	92.19051
267.5	92.23007
268	92.21378
268.5	92.25459
269	92.30988
269.5	92.25961
270	92.34685
270.5	92.38611
271	92.34686
271.5	92.36986
272	92.43575
272.5	92.41502
273	92.41103
273.5	92.45035
274	92.40987
274.5	92.44688
275	92.42984
275.5	92.45467
276	92.48184
276.5	92.45737
277	92.54177
277.5	92.47417
278	92.52399
278.5	92.60973
279	92.30808
279.5	92.60858
280	92.56413
280.5	92.5807
281	92.60601
281.5	92.56882
282	92.57525
282.5	92.59724
283	92.5708
283.5	92.57891
284	92.60069
284.5	92.60221
285	92.63531
285.5	92.65168
286	92.60923
286.5	92.617
287	92.68021
287.5	92.64996
288	92.73186
288.5	92.57076
289	92.71046
289.5	92.83714
290	92.50544
290.5	92.76498
291	92.617
291.5	92.89351
292	92.50544
292.5	92.73186
293	92.74528
293.5	92.70911
294	92.74725
294.5	92.73519
295	92.75874
295.5	92.73626
296	92.76453
296.5	92.81223
297	92.78465
297.5	92.81176
298	92.82253
298.5	92.83971
299	92.77579
299.5	92.81938
300	92.81844
300.5	92.79364
301	92.82254
301.5	92.76498
302	92.89351
302.5	92.78829
303	92.89874
303.5	92.89427
304	92.88066
304.5	92.88109
305	92.9572
305.5	92.94991
306	92.86087
306.5	92.95847
307	93.02554
307.5	92.93729
308	93.01402
308.5	92.94426
309	92.899
309.5	92.97301
310	93.01307
310.5	93.01819
311	92.94494
311.5	93.03056
312	92.9696
312.5	93.01855
313	92.99318
313.5	92.9924
314	93.04272
314.5	93.00395
315	93.08639
315.5	93.08917
316	93.05408
316.5	93.03922
317	93.04469
317.5	93.06157
318	93.00994
318.5	93.07193
319	93.0425
319.5	93.05679
320	93.08125
320.5	93.13393
321	93.05074
321.5	93.17775
322	93.10334
322.5	93.08022
323	93.15929
323.5	93.08517
324	93.23509
324.5	93.12628
325	93.13871
325.5	93.08234
326	93.18845
326.5	93.11383
327	93.10135
327.5	93.10146
328	93.19137
328.5	93.1179
329	93.12231
329.5	93.18491
330	93.12372
330.5	93.12798
331	93.17809
331.5	93.12663
332	93.19738
332.5	93.14925
333	93.20219
333.5	93.24534
334	93.13072
334.5	93.17585
335	93.39407
335.5	93.2262
336	93.17802
336.5	93.25632
337	93.20634
337.5	93.28841
338	93.24416
338.5	93.25163
339	93.25436
339.5	93.30236
340	93.21087
340.5	93.28876
341	93.21629
341.5	93.2924
342	93.30762
342.5	93.21326
343	93.4586
343.5	93.28266
344	93.21099
344.5	93.41021
345	93.13786
345.5	93.29298
346	93.35322
346.5	93.1325
347	93.37256
347.5	93.2711
348	93.27259
348.5	93.56759
349	93.14192
349.5	93.25426
350	93.22629
350.5	93.67586
351	93.77257
351.5	93.75591
352	93.77015
352.5	93.36855
353	93.21004
353.5	93.47007
354	93.29694
354.5	93.55816
355	93.34585
355.5	93.73197
356	93.35574
356.5	93.54751
357	93.47495
357.5	93.47172
358	93.24576
358.5	93.63747
359	93.71288
359.5	93.89898
360	93.5108
360.5	93.41666
361	93.75169
361.5	93.59108
362	93.6871
362.5	93.63786
363	93.48042
363.5	93.52855
364	93.58874
364.5	93.81367
365	93.61154
365.5	93.71827
366	93.50514
366.5	93.44157
367	93.47002
367.5	93.75198
368	93.6495
368.5	93.6576
369	93.60672
369.5	93.55482
370	93.69163
370.5	93.79884
371	93.73058
371.5	93.53552
372	93.65788
372.5	93.73374
373	93.49795
373.5	93.59881
374	93.61562
374.5	93.72616
375	93.68889
375.5	93.67036
376	93.74527
376.5	93.73229
377	93.6434
377.5	93.79549
378	93.53557
378.5	93.67501
379	93.70235
379.5	93.72394
380	93.7009
380.5	93.72217
381	93.6835
381.5	93.86794
382	93.72455
382.5	93.67356
383	93.75538
383.5	93.69147
384	93.72404
384.5	93.93367
385	93.84684
385.5	93.74725
386	93.77869
386.5	93.79925
387	94.0131
387.5	93.72019
388	93.60999
388.5	93.73154
389	93.89258
389.5	93.83604
390	93.64435
390.5	93.75208
391	93.80966
391.5	93.71677
392	93.92976
392.5	93.67348
393	93.69097
393.5	93.66566
394	93.68559
394.5	93.65768
395	93.92444
395.5	93.60538
396	93.94794
396.5	93.82035
397	93.85179
397.5	93.91561
398	94.01517
398.5	93.70088
399	93.61955
399.5	93.69436
400	93.87604
400.5	93.86004
401	93.90276
401.5	93.90511
402	93.81226
402.5	93.81731
403	93.82748
403.5	93.81958
404	93.76146
404.5	93.90643
405	93.71857
405.5	93.7217
406	93.896
406.5	93.98548
407	93.87151
407.5	93.68967
408	93.7917
408.5	93.78761
409	93.81125
409.5	93.6982
410	93.88466
410.5	93.70702
411	93.78419
411.5	93.78445
412	93.83178
412.5	93.85719
413	93.80103
413.5	93.84525
414	93.9213
414.5	93.79997
415	93.84852
415.5	93.80695
416	93.81503
416.5	93.83884
417	93.84095
417.5	93.81297
418	93.87304
418.5	93.78632
419	93.83425
419.5	93.84955
420	93.79817
420.5	93.93818
421	93.87379
421.5	93.95145
422	93.98885
422.5	93.92094
423	93.97181
423.5	93.97616
424	93.79734
424.5	93.76478
425	93.82406
425.5	93.72356
426	93.76046
426.5	93.97195
427	93.91949
427.5	93.89549
428	93.93803
428.5	93.88871
429	93.94901
429.5	93.95252
430	93.90831
430.5	93.80715
431	93.79227
431.5	93.92795
432	93.89656
432.5	94.01389
433	93.89948
433.5	93.90884
434	93.86414
434.5	93.94547
435	93.91361
435.5	93.97659
436	93.92807
436.5	93.94843
437	93.94309
437.5	93.96598
438	93.87051
438.5	93.89503
439	93.89653
439.5	93.97659
440	93.8745
440.5	93.8975
441	94.00282
441.5	93.83868
442	93.9264
442.5	93.93819
443	93.93077
443.5	93.98161
444	93.93707
444.5	93.9677
445	93.94823
445.5	93.89924
446	93.95017
446.5	93.96399
447	93.92686
447.5	93.93608
448	93.82917
448.5	93.85638
449	93.86822
449.5	93.93238
450	93.94312
450.5	93.9941
451	93.89567
451.5	93.94249
452	93.97732
452.5	93.94704
453	93.9379
453.5	93.9614
454	93.92302
454.5	93.91369
455	93.98534
455.5	94.02592
456	93.90833
456.5	93.86481
457	94.01102
457.5	93.91879
458	93.96732
458.5	93.98129
459	94.0069
459.5	93.98138
460	94.01134
460.5	94.00076
461	93.98901
461.5	93.97516
462	93.93779
462.5	93.95512
463	94.03302
463.5	94.0544
464	93.91072
464.5	93.94611
465	94.01312
465.5	93.91223
466	93.96334
466.5	93.98159
467	93.93964
467.5	93.99895
468	94.05038
468.5	93.96802
469	94.01843
469.5	93.98759
470	94.0631
470.5	93.93098
471	93.90277
471.5	94.02485
472	94.0742
472.5	94.01923
473	94.0048
473.5	94.07561
474	94.04719
474.5	94.00131
475	93.95631
475.5	94.03767
476	94.07622
476.5	94.0135
477	94.02641
477.5	93.95708
478	94.00015
478.5	93.95691
479	94.08554
479.5	94.0069
480	93.98229
480.5	93.93085
481	94.02628
481.5	93.96069
482	94.02924
482.5	93.90123
483	93.96368
483.5	93.99958
484	93.88518
484.5	93.95275
485	94.06698
485.5	93.97489
486	93.96333
486.5	94.02753
487	93.92336
487.5	94.03087
488	94.09623
488.5	94.06636
489	94.03806
489.5	94.05405
490	93.98131
490.5	94.09321
491	94.00352
491.5	94.07143
492	94.0339
492.5	94.01189
493	94.11021
493.5	93.89577
494	93.99696
494.5	94.03268
495	94.00896
495.5	94.04305
496	93.94566
496.5	94.07385
497	94.06817
497.5	94.00262
498	94.05061
498.5	94.01241
499	94.0871
499.5	94.03938
500	94.02295
500.5	94.12032
501	94.02235
501.5	94.04478
502	94.00237
502.5	94.08723
503	94.03799
503.5	93.94939
504	94.03809
504.5	93.99176
505	94.0075
505.5	94.06664
506	94.01346
506.5	93.98701
507	93.96036
507.5	93.96122
508	94.05858
508.5	94.07612
509	93.9795
509.5	94.06329
510	94.07362
510.5	94.22636
511	93.99445
511.5	94.09773
512	94.04705
512.5	94.10007
513	94.06312
513.5	94.06576
514	93.94838
514.5	94.13075
515	94.16251
515.5	93.97478
516	94.13874
516.5	94.00376
517	94.02045
517.5	94.10857
518	94.10629
518.5	94.08538
519	94.04305
519.5	94.15907
520	94.01821
520.5	94.06879
521	94.10178
521.5	94.07484
522	94.00622
522.5	94.19321
523	94.05037
523.5	94.12482
524	94.07225
524.5	94.06287
525	94.07498
525.5	94.09686
526	94.07404
526.5	94.04031
527	94.15969
527.5	94.08495
528	94.07238
528.5	94.03255
529	94.08401
529.5	94.08729
530	94.08495
530.5	93.95673
531	94.05617
531.5	94.06666
532	94.07221
532.5	94.06087
533	94.05421
533.5	94.12388
534	94.12117
534.5	94.14354
535	94.02673
535.5	94.15535
536	94.16466
536.5	94.06644
537	94.07426
537.5	94.15047
538	94.10317
538.5	94.0396
539	94.09927
539.5	94.14045
540	94.10885
540.5	94.08188
541	94.0858
541.5	94.06275
542	94.10445
542.5	94.0589
543	94.01391
543.5	93.97172
544	94.03636
544.5	94.13746
545	94.1115
545.5	94.07906
546	94.09544
546.5	93.95181
547	94.13036
547.5	94.07556
548	94.11937
548.5	94.07636
549	94.11012
549.5	94.11334
550	94.10973
550.5	94.05927
551	94.09364
551.5	94.15147
552	94.19984
552.5	94.16069
553	94.09213
553.5	94.13004
554	94.11961
554.5	94.16691
555	94.10227
555.5	94.17246
556	94.13516
556.5	94.18167
557	94.05103
557.5	94.15116
558	94.18385
558.5	94.16632
559	94.13889
559.5	94.08478
560	94.14127
560.5	94.12579
561	94.02139
561.5	94.12189
562	94.16169
562.5	94.14075
563	94.2088
563.5	94.16388
564	94.14361
564.5	94.10329
565	94.09626
565.5	94.13233
566	94.23794
566.5	94.1667
567	94.12372
567.5	94.15731
568	94.14917
568.5	94.10427
569	94.07356
569.5	94.08833
570	94.19307
570.5	94.20219
571	94.02666
571.5	94.0918
572	94.34745
572.5	94.14448
573	94.2325
573.5	94.19877
574	94.26167
574.5	94.03304
575	94.25316
575.5	94.25871
576	94.16252
576.5	94.15565
577	94.17127
577.5	94.16619
578	94.1977
578.5	94.20475
579	94.19948
579.5	94.09026
580	94.1279
580.5	94.14106
581	94.18114
581.5	94.11457
582	94.20308
582.5	94.13516
583	94.18314
583.5	94.27087
584	94.14681
584.5	94.13984
585	94.10083
585.5	94.17194
586	94.22414
586.5	94.24033
587	94.17914
587.5	94.18823
588	94.15038
588.5	94.15902
589	94.25317
589.5	94.20108
590	94.17558
590.5	94.21194
591	94.16843
591.5	94.1735
592	94.14787
592.5	94.21785
593	94.21272
593.5	94.13483
594	94.19772
594.5	94.17496
595	94.252
595.5	94.2106
596	94.20739
596.5	94.19318
597	94.14608
597.5	94.1881
598	94.27811
598.5	94.24649
599	94.19504
599.5	94.22721
600	94.2702
600.5	94.20773
601	94.21053
601.5	94.29071
602	94.27074
602.5	94.19729
603	94.1288
603.5	94.22583
604	94.15876
604.5	94.12576
605	94.2316
605.5	94.18924
606	94.13226
606.5	94.17036
607	94.2175
607.5	94.08405
608	94.2569
608.5	94.21516
609	94.13296
609.5	94.16965
610	94.19331
610.5	94.16271
611	94.23656
611.5	94.11706
612	94.16592
612.5	94.22057
613	94.12747
613.5	94.18255
614	94.15663
614.5	94.1832
615	94.1566
615.5	94.1665
616	94.17166
616.5	94.14404
617	94.1208
617.5	94.18587
618	94.1799
618.5	94.14378
619	94.17314
619.5	94.18813
620	94.17702
620.5	94.17197
621	94.21111
621.5	94.21999
622	94.14252
622.5	94.19151
623	94.13084
623.5	94.1288
624	94.13513
624.5	94.15208
625	94.16026
625.5	94.18984
626	94.24944
626.5	94.17912
627	94.24295
627.5	94.13847
628	94.17745
628.5	94.16822
629	94.15343
629.5	94.17266
630	94.20055
630.5	94.16383
631	94.14049
631.5	94.21295
632	94.19794
632.5	94.19979
633	94.25228
633.5	94.28036
634	94.22399
634.5	94.22653
635	94.20033
635.5	94.17642
636	94.16443
636.5	94.15136
637	94.23763
637.5	94.19446
638	94.1411
638.5	94.22619
639	94.23519
639.5	94.26386
640	94.24148
640.5	94.23534
641	94.20718
641.5	94.17538
642	94.23442
642.5	94.24184
643	94.25449
643.5	94.17945
644	94.21931
644.5	94.20742
645	94.19881
645.5	94.20025
646	94.23267
646.5	94.16965
647	94.22128
647.5	94.23922
648	94.23743
648.5	94.19425
649	94.21426
649.5	94.21293
650	94.20362
650.5	94.17541
651	94.26501
651.5	94.29218
652	94.20688
652.5	94.25962
653	94.20295
653.5	94.23154
654	94.21072
654.5	94.13184
655	94.20671
655.5	94.21656
656	94.37352
656.5	94.22839
657	94.20154
657.5	94.21922
658	94.18322
658.5	94.20769
659	94.15625
659.5	94.18075
660	94.27595
660.5	94.30587
661	94.27778
661.5	94.17656
662	94.26031
662.5	94.21688
663	94.23914
663.5	94.19396
664	94.23442
664.5	94.19902
665	94.24934
665.5	94.19845
666	94.21805
666.5	94.29799
667	94.22474
667.5	94.24149
668	94.18316
668.5	94.21748
669	94.25051
669.5	94.23532
670	94.26873
670.5	94.23464
671	94.24818
671.5	94.19245
672	94.2392
672.5	94.22688
673	94.24352
673.5	94.17578
674	94.21041
674.5	94.27658
675	94.27132
675.5	94.34531
676	94.29456
676.5	94.21044
677	94.29755
677.5	94.286
678	94.27385
678.5	94.27531
679	94.23461
679.5	94.2061
680	94.27288
680.5	94.26178
681	94.28471
681.5	94.30606
682	94.17583
682.5	94.31707
683	94.21587
683.5	94.25459
684	94.26472
684.5	94.16729
685	94.31331
685.5	94.2326
686	94.25146
686.5	94.28515
687	94.25818
687.5	94.3274
688	94.19635
688.5	94.28317
689	94.1913
689.5	94.23472
690	94.26802
690.5	94.30388
691	94.31775
691.5	94.15919
692	94.17876
692.5	94.28637
693	94.26826
693.5	94.2281
694	94.21555
694.5	94.34875
695	94.26666
695.5	94.21548
696	94.24671
696.5	94.20029
697	94.22047
697.5	94.29706
698	94.23421
698.5	94.24122
699	94.34723
699.5	94.31679
700	94.24343
700.5	94.26353
701	94.31187
701.5	94.34631
702	94.22926
702.5	94.28496
703	94.2387
703.5	94.27332
704	94.21808
704.5	94.29979
705	94.24616
705.5	94.14181
706	94.28163
706.5	94.26012
707	94.28471
707.5	94.22266
708	94.25935
708.5	94.26175
709	94.32181
709.5	94.31174
710	94.34679
710.5	94.22747
711	94.3418
711.5	94.27926
712	94.19536
712.5	94.22796
713	94.29451
713.5	94.38483
714	94.31287
714.5	94.34381
715	94.39386
715.5	94.42234
716	94.17851
716.5	94.27333
717	94.28407
717.5	94.30211
718	94.28185
718.5	94.22166
719	94.30722
719.5	94.23519
720	94.32966
720.5	94.36456
721	94.2557
721.5	94.35661
722	94.27408
722.5	94.23151
723	94.27232
723.5	94.27088
724	94.30306
724.5	94.22208
725	94.29123
725.5	94.39127
726	94.35031
726.5	94.28735
727	94.36665
727.5	94.2326
728	94.36957
728.5	94.36516
729	94.15998
729.5	94.39625
730	94.23013
730.5	94.25299
731	94.42255
731.5	94.28862
732	94.12125
732.5	94.30741
733	94.20367
733.5	94.27921
734	94.23985
734.5	94.34806
735	94.24199
735.5	94.17518
736	94.16355
736.5	94.34264
737	94.45756
737.5	94.37045
738	94.16719
738.5	94.27396
739	94.46023
739.5	94.13691
740	94.30301
740.5	94.18864
741	94.38628
741.5	94.15167
742	94.1819
742.5	94.14692
743	94.45213
743.5	94.41418
744	94.34672
744.5	94.28316
745	94.26129
745.5	94.25555
746	94.30097
746.5	94.34764
747	94.24493
747.5	94.34773
748	94.26025
748.5	94.18052
749	94.22446
749.5	94.06495
750	94.34779
750.5	94.33745
751	94.35722
751.5	94.29018
752	94.33987
752.5	94.15896
753	94.32763
753.5	94.39326
754	94.2459
754.5	94.4072
755	94.3643
755.5	94.36378
756	94.20358
756.5	94.39035
757	94.29492
757.5	94.37649
758	94.18568
758.5	94.35317
759	94.34872
759.5	94.19273
760	94.27454
760.5	94.25291
761	94.51382
761.5	94.33389
762	94.41309
762.5	94.12672
763	94.09229
763.5	94.4806
764	94.31131
764.5	94.26745
765	94.30087
765.5	94.292
766	94.19731
766.5	94.32678
767	94.39359
767.5	94.37528
768	94.45369
768.5	94.45313
769	94.25585
769.5	94.4247
770	94.34439
770.5	94.40087
771	94.3251
771.5	94.36994
772	94.46638
772.5	94.36044
773	94.1412
773.5	94.20837
774	94.0939
774.5	94.44758
775	94.36978
775.5	94.29039
776	94.36991
776.5	94.30911
777	94.20292
777.5	94.24307
778	94.4201
778.5	94.40572
779	94.37304
779.5	94.21104
780	94.30077
780.5	94.30128
781	94.23044
781.5	94.30248
782	94.26126
782.5	94.26845
783	94.41024
783.5	94.44691
784	94.48695
784.5	94.3173
785	94.22424
785.5	94.49322
786	94.22963
786.5	94.40181
787	94.38779
787.5	94.52032
788	94.16821
788.5	94.3586
789	94.26794
789.5	94.18307
790	94.49664
790.5	94.47975
791	94.3264
791.5	94.29761
792	94.32825
792.5	94.44519
793	94.60273
793.5	94.24341
794	94.29813
794.5	94.4129
795	94.4138
795.5	94.51494
796	94.44432
796.5	94.44674
797	94.50175
797.5	94.37913
798	94.40099
798.5	94.48756
799	94.27991
799.5	94.17274
800	94.19731